		seq_1	seq_2	seq_3	seq_4	seq_5	seq_6	seq_7	seq_8	seq_9	seq_10	seq_11	seq_12	seq_13
1_reca	1	167	0	0	0	0	0	5	3	0	0	0	0	0
2_reca	2	57	0	12	0	0	0	0	1	0	0	0	1	0
3_reca	3	52	0	7	0	0	0	0	0	0	0	1	1	1
4_reca	4	67	0	0	0	0	0	0	0	0	0	0	0	0
5_reca	5	16	0	0	1	0	0	0	0	1	0	0	0	0
6_reca	6	32	0	0	0	0	0	0	0	0	0	0	0	0
7_reca	7	70	0	0	7	0	0	0	0	1	0	0	0	0
8_reca	8	324	0	0	1	0	0	4	0	0	0	0	0	0
9_reca	9	851	0	10	0	0	0	0	0	0	0	0	4	2
10_reca	10	26	0	82	0	1	0	0	0	0	0	0	1	0
11_reca	11	59	0	17	0	0	0	0	0	0	0	0	2	0
12_reca	12	632	0	0	3	0	0	0	0	1	0	0	0	0
13_reca	13	2262	0	0	78	10	8	0	0	3	0	2	0	0
14_reca	14	454	0	3	0	10	0	1	0	0	0	0	0	0
15_reca	15	62	0	0	0	211	0	12	0	7	0	6	0	2
16_reca	16	113	2	44	0	49	0	42	0	2	0	4	0	1
17_reca	17	104	0	0	0	0	0	0	0	5	0	0	0	1
18_reca	18	37	0	84	0	2	0	2	1	0	0	0	1	0
19_reca	19	4	0	23	0	8	0	5	0	0	0	0	0	0
20_reca	20	21	0	18	0	1	0	3	0	0	0	0	0	0
21_reca	21	34	0	0	0	14	0	4	0	3	0	1	0	0
22_reca	22	80	0	1	0	9	0	0	0	6	0	3	0	0
23_reca	23	103	0	1	0	3	0	0	0	2	0	1	0	0
24_reca	24	51	0	38	0	7	0	0	9	0	0	0	1	1
25_reca	25	16	0	161	0	0	0	0	38	0	0	0	1	0
26_reca	26	0	0	101	0	0	0	0	12	0	0	0	0	0
27_reca	27	19	0	16	0	0	0	0	3	0	0	0	0	0
28_reca	28	103	0	1	0	13	0	4	0	1	0	0	0	0
29_reca	29	30	0	0	0	3	0	1	0	0	0	1	0	1
30_reca	30	86	0	0	0	4	0	3	0	1	0	5	0	1
31_reca	31	6	0	91	0	2	0	0	0	0	0	0	3	0
32_reca	32	37	0	643	0	1	0	0	3	0	0	0	3	0
33_reca	33	358	0	12	0	63	0	0	0	3	0	4	0	0
34_reca	34	407	0	131	0	8	0	0	5	0	0	0	2	0
35_reca	35	80	0	19	0	0	0	0	0	0	0	0	1	0
36_reca	36	371	0	1	0	1	0	0	0	1	0	0	0	1
37_reca	37	402	0	0	0	0	0	0	0	0	0	0	0	0
38_reca	38	7	0	1	0	5	0	41	0	0	0	3	0	0
39_reca	39	1001	0	0	0	6	0	0	0	2	0	0	0	1
40_reca	40	132	0	131	0	0	0	0	0	0	0	0	2	1
41_reca	41	0	0	100	0	0	0	0	0	0	0	0	0	0
42_reca	42	1	0	93	0	0	0	0	0	0	0	0	0	0
43_reca	43	3	0	0	0	5	0	2	0	3	0	1	0	0
44_reca	44	24	0	0	0	0	0	2	0	0	0	0	0	0
45_reca	45	8	0	1	0	0	0	0	0	0	0	0	0	0
46_reca	46	4	0	0	0	0	0	0	0	0	0	0	0	0
47_reca	47	1	0	0	0	0	0	0	0	0	0	0	0	0
48_reca	48	1	0	0	0	0	0	0	0	0	0	0	0	0
49_reca	49	47	0	17	0	0	0	0	0	0	0	0	1	0
50_reca	50	1	86	2	0	0	0	0	0	1	0	0	0	0
51_reca	51	155	0	0	5	0	1	0	0	0	0	0	0	0
52_reca	52	333	0	0	18	0	4	0	0	0	0	0	0	0
53_reca	53	460	0	0	22	0	8	0	0	0	0	0	0	0
54_reca	54	295	0	0	36	0	9	0	0	0	0	0	0	0
55_reca	55	228	0	0	178	0	95	0	0	0	0	0	0	0
56_reca	56	13	0	0	6	0	2	0	0	0	0	0	0	0
57_reca	57	70	0	0	16	0	5	0	0	0	0	0	0	0
58_reca	58	12	0	0	6	0	0	0	0	0	0	0	0	0
59_reca	59	399	0	0	32	0	0	0	0	0	0	0	0	0
60_reca	60	23	0	0	2	0	3	0	0	0	0	0	0	0
61_reca	61	58	0	0	68	0	1	0	0	0	0	0	0	0
62_reca	62	94	0	0	9	0	4	0	0	0	0	0	0	0
63_reca	63	23	0	0	17	0	0	0	0	0	0	0	0	0
64_reca	64	10	0	0	4	0	0	0	0	0	0	0	0	0
65_reca	65	10	0	0	61	0	9	0	0	0	0	0	0	0
66_reca	66	68	0	0	17	0	5	0	0	0	0	0	0	0
67_reca	67	22	0	0	7	0	2	0	0	0	0	0	0	0
68_reca	68	11	0	0	33	0	1	0	0	0	0	0	0	0
69_reca	69	78	0	0	0	0	2	0	0	0	0	0	0	0
70_reca	70	41	0	0	7	0	6	0	0	0	0	0	0	0
71_reca	71	28	0	0	8	0	0	0	0	0	0	0	0	0
72_reca	72	12	0	0	3	0	0	0	0	0	0	0	0	0
73_reca	73	5	0	0	1	0	5	0	0	0	0	0	0	0
74_reca	74	35	0	0	5	0	4	0	0	0	0	0	0	0
75_reca	75	6	0	0	0	0	0	0	0	0	0	0	0	0
76_reca	76	2	0	0	1	0	0	0	0	0	0	0	0	0
77_reca	77	2	0	0	0	0	0	0	0	0	0	0	0	0
78_reca	78	1	0	0	0	0	0	0	0	0	0	0	0	0
79_reca	79	15	0	0	0	0	1	0	0	0	0	0	0	0
80_reca	80	11	0	0	3	0	0	0	0	0	0	0	0	0
81_reca	81	49	0	0	4	0	9	0	0	0	0	0	0	0
82_reca	82	19	0	0	5	0	0	0	0	0	0	0	0	0
83_reca	83	2	0	0	0	0	0	0	0	0	0	0	0	0
84_reca	84	1	0	0	0	0	0	0	0	0	0	0	0	0
85_reca	85	63	0	0	1	0	0	0	0	0	0	0	0	0
86_reca	86	22	0	0	15	0	4	0	0	0	0	0	0	0
87_reca	87	68	0	0	9	0	0	0	0	0	0	0	0	0
88_reca	88	151	0	0	3	0	0	0	0	0	0	0	0	0
89_reca	89	0	0	0	0	0	0	0	0	0	0	0	0	0
90_reca	90	31	0	0	17	0	7	0	0	0	0	0	0	0
91_reca	91	0	419	0	0	0	0	0	0	0	0	0	0	0
92_reca	92	0	215	0	0	0	0	0	0	0	0	0	0	0
93_reca	93	0	609	0	0	0	0	0	0	0	0	0	0	0
94_reca	94	0	479	0	0	0	0	0	0	0	0	0	0	0
95_reca	95	0	558	0	0	0	0	0	0	0	0	0	0	0
96_reca	96	0	319	0	0	0	0	0	0	0	0	0	0	0
97_reca	97	0	619	0	0	0	0	0	0	0	0	0	0	0
98_reca	98	0	90	0	0	0	0	0	0	0	0	0	0	0
99_reca	99	0	480	0	0	0	0	0	0	0	0	0	0	0
100_reca	100	0	0	0	0	0	0	0	0	0	0	0	0	0
101_reca	101	0	375	0	0	0	0	0	0	0	0	0	0	0
102_reca	102	0	560	0	0	0	0	0	0	0	0	0	0	0
103_reca	103	0	362	0	0	0	0	0	0	0	0	0	0	0
104_reca	104	0	136	0	0	0	0	0	0	0	0	0	0	0
105_reca	105	0	219	0	0	0	0	0	0	0	0	0	0	0
106_reca	106	0	165	0	0	0	0	0	0	0	0	0	0	0
107_reca	107	0	249	0	0	0	0	0	0	0	0	0	0	0
108_reca	108	0	96	0	0	0	0	0	0	0	0	0	0	0
109_reca	109	0	9	0	0	0	0	0	0	0	0	0	0	0
110_reca	110	0	356	0	0	0	0	0	0	0	0	0	0	0
111_reca	111	0	11	0	0	0	0	0	0	0	0	0	0	0
112_reca	112	0	45	0	0	0	0	0	0	0	0	0	0	0
113_reca	113	0	266	0	0	0	0	0	0	0	0	0	0	0
114_reca	114	0	225	0	0	0	0	0	0	0	0	0	0	0
115_reca	115	0	81	0	0	0	0	0	0	0	0	0	0	0
116_reca	116	0	89	0	0	0	0	0	0	0	0	0	0	0
117_reca	117	0	118	0	0	0	0	0	0	0	0	0	0	0
118_reca	118	0	166	0	0	0	0	0	0	0	0	0	0	0
119_reca	119	0	569	0	0	0	0	0	0	0	0	0	0	0
120_reca	120	0	100	0	0	0	0	0	0	0	0	0	0	0
121_reca	121	0	27	0	0	0	0	0	0	0	0	0	0	0
122_reca	122	0	22	0	0	0	0	0	0	0	0	0	0	0
123_reca	123	0	7	0	0	0	0	0	0	0	0	0	0	0
124_reca	124	0	1	0	0	0	0	0	0	0	0	0	0	0
125_reca	125	0	32	0	0	0	0	0	0	0	0	0	0	0
126_reca	126	0	179	0	0	0	0	0	0	0	0	0	0	0
127_reca	127	0	391	0	0	0	0	0	0	0	0	0	0	0
128_reca	128	0	325	0	0	0	0	0	0	0	0	0	0	0
129_reca	129	0	336	0	0	0	0	0	0	0	0	0	0	0
130_reca	130	0	217	0	0	0	0	0	0	0	0	0	0	0
131_reca	131	221	0	0	0	0	0	0	0	0	0	0	0	0
132_reca	132	24	1	0	0	0	0	0	0	2	5	0	0	0
133_reca	133	25	0	0	0	0	0	0	0	0	5	0	0	0
134_reca	134	64	0	0	0	0	0	0	0	0	0	0	0	1
135_reca	135	72	0	0	0	0	0	0	0	0	0	0	0	0
136_reca	136	62	0	0	0	0	0	0	0	1	4	0	0	0
137_reca	137	49	0	0	0	0	0	0	0	0	0	0	0	0
138_reca	138	3	0	0	0	0	0	0	0	0	0	0	0	0
139_reca	139	335	0	0	0	0	0	0	0	1	0	1	2	0
140_reca	140	183	0	0	0	0	0	0	0	0	0	1	0	1
141_reca	141	923	0	0	0	0	0	0	0	0	0	1	0	0
142_reca	142	180	0	0	0	0	0	0	0	1	0	1	0	1
143_reca	143	885	0	0	0	0	0	0	0	0	0	2	1	0
144_reca	144	350	0	0	0	0	0	0	0	1	0	2	1	1
145_reca	145	105	1	0	0	0	0	0	0	1	3	0	1	0
146_reca	146	271	1	0	0	0	0	0	0	2	3	0	1	1
147_reca	147	82	0	0	0	0	0	0	0	1	0	0	0	0
148_reca	148	507	0	0	0	0	0	0	0	0	0	0	0	0
149_reca	149	198	0	0	0	0	0	0	0	2	1	1	4	1
150_reca	150	300	0	0	0	0	1	0	0	2	0	0	0	0
151_reca	151	422	0	0	0	0	0	0	0	0	0	0	1	3
152_reca	152	84	0	0	0	0	0	0	0	0	0	0	0	0
153_reca	153	69	0	0	0	0	0	0	0	0	0	0	0	2
154_reca	154	286	0	0	0	1	0	0	0	1	0	2	0	0
155_reca	155	328	0	0	0	0	0	0	0	0	0	1	0	0
156_reca	156	279	0	0	0	0	0	0	0	1	0	0	0	2
157_reca	157	256	1	0	0	1	0	0	0	1	1	0	1	2
158_reca	158	302	0	0	0	1	0	0	0	2	1	1	0	2
159_reca	159	247	0	0	0	0	0	0	0	0	6	0	0	1
160_reca	160	141	0	0	0	8	0	0	0	1	0	1	0	0
161_reca	161	133	13	0	0	1	0	0	0	6	2	0	0	1
162_reca	162	181	0	0	0	0	0	0	0	0	1	0	0	0
163_reca	163	341	0	0	0	1	0	0	0	0	14	1	0	3
164_reca	164	119	0	0	0	0	0	0	0	0	0	0	0	0
165_reca	165	137	0	0	0	3	0	0	0	0	1	0	0	0
166_reca	166	13	0	0	0	0	0	0	0	0	0	0	0	1
167_reca	167	17	1	0	0	0	0	0	0	0	0	0	0	0
168_reca	168	1	0	0	0	0	0	0	0	0	0	0	0	0
169_reca	169	34	1	0	0	0	0	0	0	0	0	0	0	0
170_reca	170	63	1	0	0	0	0	0	0	1	0	0	0	0
seconds	seconds	10	1	4	21	10	11	5	3	4	3	10	5	8
total	total	20041	9630	1861	709	452	196	131	75	70	47	47	36	36