	seqr_1	seqr_2	seqr_3	seqr_4	seqr_5	seqr_6	seqr_7	seqr_8	seqr_9	seqr_10	seqr_11	seqr_12	seqr_13	seqr_14	seqr_15	seqr_16	seqr_17	seqr_18	seqr_19	seqr_20	seqr_21	seqr_22	seqr_23	seqr_24	seqr_25	seqr_26	seqr_27	seqr_28	seqr_29	seqr_30	seqr_31	seqr_32	seqr_33	seqr_34	seqr_35	seqr_36	seqr_37	seqr_38	seqr_39	seqr_40	seqr_41	seqr_42	seqr_43	seqr_44	seqr_45	seqr_46	seqr_47	seqr_48	seqr_49	seqr_50	seqr_51	seqr_52	seqr_53	seqr_54	seqr_55	seqr_56	seqr_57	seqr_58	seqr_59	seqr_60	seqr_61	seqr_62	seqr_63	seqr_64	seqr_65	seqr_66	seqr_67	seqr_68	seqr_69	seqr_70	seqr_71	seqr_72	seqr_73	seqr_74	seqr_75	seqr_76	seqr_77	seqr_78	seqr_79	seqr_80	seqr_81	seqr_82
100_reca	0	1404	0	0	0	0	0	0	0	1	0	0	0	0	0	0	14	0	0	0	0	17	0	0	0	0	0	0	0	0	3	0	0	0	0	10	0	0	0	0	0	0	4	0	2	0	0	0	0	0	0	0	0	9	8	0	0	0	0	0	0	0	0	0	13	0	7	0	0	0	0	0	0	0	0	0	3	0	0	0	0	0	
101_reca	2	32395	0	0	0	0	1	0	0	3	0	0	0	0	0	0	504	0	0	0	0	2112	0	0	0	0	0	0	0	0	91	2325	0	0	0	1002	0	0	0	0	0	0	1654	0	1	0	0	7	0	0	0	0	0	220	1	0	0	0	0	0	0	0	0	0	4	0	0	0	0	0	0	0	0	0	0	0	662	0	0	0	0	0	
102_reca	1	37954	0	0	1	0	1	0	0	4	0	0	0	0	0	0	249	0	0	0	0	589	0	0	0	0	0	0	0	0	85	499	0	0	0	399	0	0	0	0	0	0	490	0	110	0	0	2	0	0	0	1	0	239	0	0	0	0	0	0	0	0	0	0	3	0	75	0	0	0	0	0	0	0	0	0	197	0	0	0	0	0	
103_reca	0	30892	0	0	0	0	4	0	0	4	0	0	0	0	0	0	883	0	0	0	0	864	0	0	0	0	0	0	0	0	75	724	0	0	0	493	0	0	0	0	0	0	543	0	477	0	0	1	0	0	0	3	0	323	1123	0	0	0	0	0	0	0	0	0	478	0	236	0	0	0	0	0	0	0	0	0	229	0	0	0	0	0	
104_reca	0	18088	0	0	0	0	0	0	0	0	0	0	0	0	0	0	256	0	0	0	0	394	0	0	0	0	0	0	0	0	29	172	0	0	0	484	0	0	0	0	0	0	270	0	15	0	0	1	0	0	0	0	0	71	53	0	0	0	0	0	0	0	0	0	115	0	10	0	0	0	0	0	0	0	0	0	108	0	0	0	0	0	
105_reca	1	25465	1	0	0	0	1	0	0	2	0	0	1	0	0	0	492	0	0	0	0	1534	0	0	0	0	0	0	1	0	41	295	0	0	0	1122	0	0	0	0	0	0	220	1	2317	0	0	5	0	0	0	3	0	159	4	0	0	0	0	0	0	0	0	0	5	0	1343	0	0	0	0	0	0	0	0	0	76	0	0	0	0	0	
106_reca	0	22306	1	0	0	0	1	0	0	8	1	0	0	0	0	0	891	0	0	0	0	2278	0	0	0	0	0	0	0	0	69	3248	0	0	0	1315	0	0	0	0	0	0	1769	0	350	0	0	6	0	0	0	1	0	168	408	0	0	0	0	0	0	0	0	0	224	0	201	0	0	0	0	0	0	0	0	0	549	0	0	0	0	0	
107_reca	2	24264	0	0	0	0	1	0	0	17	0	0	0	0	0	0	731	0	0	0	0	89	0	0	0	0	0	0	0	0	162	12	0	0	0	105	0	0	0	0	0	0	23	0	80	0	0	24	0	0	0	1	0	87	661	1	0	0	0	0	0	0	0	0	538	0	73	0	0	0	0	0	0	0	0	0	24	0	0	0	0	0	
108_reca	1	14398	0	0	0	0	0	0	0	39	0	0	0	0	0	0	710	0	0	0	0	328	0	0	0	0	0	0	0	0	179	56	0	0	0	315	0	0	0	0	0	0	67	0	356	0	0	3	0	0	0	1	0	40	550	0	0	0	0	0	0	0	0	0	339	0	341	0	0	0	0	0	0	0	0	0	63	0	0	0	0	0	
109_reca	1	4305	0	0	0	0	0	0	0	0	0	0	0	0	0	0	78	1	0	0	0	393	0	0	0	0	0	0	0	1	8	306	0	0	0	180	0	0	0	0	0	0	156	0	26	0	0	0	0	0	0	0	0	14	71	0	0	0	1	0	0	0	0	0	119	0	12	0	0	0	0	0	0	0	0	0	53	0	0	0	0	0	
10_reca	7734	0	14559	180	747	83	219	236	315	426	1613	0	2173	13	2108	2075	0	1731	10	1798	120	0	0	0	109	11	454	65	1	0	20	0	551	0	5	0	384	55	294	56	643	392	0	42	0	0	170	44	0	622	161	5	147	0	0	96	330	618	520	226	432	0	0	0	0	125	0	15	0	0	152	8	160	98	74	460	0	0	5	30	0	0	
110_reca	2	31634	0	0	0	0	0	0	0	2	0	0	0	0	0	0	144	0	0	0	0	139	0	0	0	0	0	0	0	0	82	18	0	0	0	115	0	0	0	0	0	0	10	0	36	0	0	1	0	0	0	0	0	192	106	0	0	0	0	0	0	0	0	0	166	0	20	0	0	0	0	0	0	0	0	0	29	0	0	0	0	0	
111_reca	2	4364	0	0	0	0	0	0	0	0	0	1	0	0	0	0	9	0	0	0	0	17	0	0	0	0	0	0	0	0	4	14	0	0	0	18	0	0	0	0	0	0	5	0	0	0	0	0	0	0	0	0	0	6	11	0	0	0	0	0	0	0	0	0	3	0	0	0	0	0	0	0	0	0	0	0	6	0	0	0	0	0	
112_reca	4	10760	0	0	0	0	0	0	0	1	0	0	0	0	0	0	161	0	0	0	0	349	0	0	0	0	0	0	0	0	12	268	0	0	0	252	0	0	0	0	0	0	215	0	6	0	0	0	0	0	0	0	0	26	34	0	0	0	0	0	0	0	0	0	102	0	1	0	0	0	0	0	0	0	0	0	72	0	0	0	0	0	
113_reca	1	24880	0	0	0	0	0	0	0	1	0	0	0	0	0	0	833	0	0	0	0	656	0	0	0	0	0	0	0	0	46	198	0	0	2	520	0	1	0	0	0	0	231	0	213	0	0	2	0	0	0	1	0	62	450	0	0	0	0	0	0	0	0	0	516	0	232	0	0	0	0	0	0	0	0	0	92	0	0	0	0	0	
114_reca	1	23217	0	0	1	0	1	0	0	2	0	0	0	0	0	0	223	0	0	0	0	414	0	0	0	0	0	0	0	0	49	361	0	0	0	315	0	0	0	0	0	0	351	0	0	0	0	0	0	0	0	0	0	136	0	0	0	0	0	0	0	0	0	0	0	0	1	0	0	0	0	0	0	0	0	0	142	0	0	0	0	0	
115_reca	0	13672	1	0	0	0	0	0	0	0	0	0	0	1	0	0	246	1	0	0	0	111	0	0	0	0	0	0	0	0	22	21	1	0	0	109	0	0	0	0	0	0	28	0	59	0	0	0	0	0	0	0	0	46	132	0	0	0	0	0	0	0	0	0	106	0	81	0	0	0	0	0	0	0	0	0	24	0	0	0	0	0	
116_reca	0	14855	1	0	0	0	0	1	0	1	0	0	0	0	0	0	54	0	0	0	0	241	0	0	0	0	0	0	0	0	30	246	0	0	0	154	0	0	0	0	0	0	116	0	382	0	0	0	0	0	0	0	0	358	4	0	0	0	0	0	0	0	0	0	6	0	121	0	0	0	0	0	0	0	0	0	49	0	0	0	0	0	
117_reca	1	18296	0	0	0	0	0	0	0	1	0	0	0	0	0	0	133	0	0	0	0	474	0	0	0	0	0	0	0	0	53	607	0	0	0	261	0	0	0	0	0	0	332	0	1	0	0	0	0	0	0	1	0	291	0	0	0	0	0	0	0	0	0	0	10	0	1	0	0	0	0	0	0	0	0	0	184	0	0	0	0	0	
118_reca	2	21981	0	0	0	0	0	0	0	1	0	0	0	0	0	0	378	0	0	0	0	1938	0	0	0	0	0	0	0	0	56	1992	0	0	0	1214	0	0	0	0	0	0	784	0	2686	0	0	2	0	0	0	2	0	402	48	0	0	0	0	0	0	0	0	0	87	0	908	0	0	0	0	0	0	0	0	0	326	0	0	0	0	0	
119_reca	5	37374	0	0	1	0	1	0	0	15	0	0	0	0	0	1	788	0	0	0	0	1286	0	0	0	0	0	0	0	0	1069	294	0	0	0	541	3	0	0	0	0	0	184	3	494	0	0	1056	1	0	0	1	0	366	363	0	0	0	0	0	0	0	0	0	220	0	218	0	0	0	0	0	0	0	0	0	84	0	0	0	0	0	
11_reca	13203	1	7168	5	56	131	59	34	7	729	2325	2	2591	97	1918	2371	3	2247	14	1853	330	2	1	0	131	29	10	1	0	0	5	0	48	0	0	0	927	39	63	7	0	811	0	364	0	0	0	313	0	713	15	6	8	0	0	222	628	520	0	13	327	1	0	1	0	18	0	10	0	0	14	12	14	358	28	489	0	0	11	1	0	0	
120_reca	1	15346	0	0	0	0	0	0	0	0	0	0	0	0	0	0	553	0	1	0	0	874	0	0	0	0	0	0	0	0	42	632	0	0	0	550	0	0	0	0	0	0	455	0	15	0	0	1	0	0	0	0	0	186	527	0	0	0	0	0	0	0	0	0	469	0	10	0	0	0	0	0	0	0	0	0	195	0	0	0	0	0	
121_reca	0	7111	0	0	16	0	0	1	0	2	0	0	0	0	0	0	181	0	0	0	0	360	0	0	0	0	0	0	0	0	26	300	0	0	0	242	0	0	0	1	0	0	210	0	202	0	0	6	0	0	0	0	0	70	73	0	0	0	0	0	0	0	0	0	48	0	101	0	0	0	0	0	0	0	0	0	88	0	0	0	0	0	
122_reca	1	6425	0	0	0	1	0	0	0	0	0	0	0	0	0	0	32	0	0	0	0	83	0	0	0	0	0	0	0	0	18	49	0	0	0	44	0	0	0	0	0	0	56	0	1	0	0	0	0	0	0	0	0	62	0	0	0	0	0	0	0	0	0	0	0	0	3	0	0	0	0	0	0	0	0	0	40	0	0	0	0	0	
123_reca	1	2758	0	0	0	0	0	0	0	0	0	1	0	0	0	0	129	0	0	0	0	132	0	0	0	0	0	0	0	0	5	206	0	0	0	75	1	0	0	0	0	0	102	0	56	0	0	0	0	0	0	0	0	30	127	0	0	0	0	0	0	0	0	0	56	0	23	0	0	0	0	0	0	0	0	0	43	0	0	0	0	0	
124_reca	5	2270	0	0	1	0	0	0	0	0	0	0	0	0	0	0	9	0	0	0	0	14	1	0	1	0	0	0	0	0	9	18	0	0	0	10	0	0	0	0	0	0	5	0	6	0	0	8	0	0	0	0	0	27	0	0	0	0	0	0	0	0	0	0	0	0	7	0	0	0	0	0	0	0	0	0	4	0	0	0	0	0	
125_reca	3	9440	0	1	0	0	0	0	0	3	0	0	0	0	0	0	124	0	0	0	0	263	0	0	0	0	0	0	0	1	26	363	0	0	0	276	0	0	0	0	0	0	192	0	1	0	0	1	0	0	0	0	0	131	182	0	0	0	0	0	0	0	0	0	80	0	0	0	0	0	0	0	0	0	0	0	74	0	0	0	0	0	
126_reca	3	21023	0	1	0	0	3	0	0	32	0	0	0	0	0	0	661	0	0	0	0	529	0	0	0	0	0	0	0	0	228	130	0	0	3	407	0	0	0	0	0	0	123	1	685	0	0	9	0	0	0	2	0	259	632	0	0	0	0	0	0	0	0	0	362	0	419	0	0	0	0	0	0	0	0	0	84	0	0	0	0	0	
127_reca	4	31676	0	0	0	0	0	0	0	1	0	0	0	0	0	0	175	0	0	0	0	489	0	0	0	0	0	0	0	1	64	337	0	0	0	326	0	0	0	0	0	0	274	0	143	0	0	1	0	0	0	0	0	338	8	0	0	0	0	0	0	0	0	0	17	0	126	0	0	0	0	0	0	0	0	0	122	0	0	0	0	0	
128_reca	2	28639	0	1	0	0	1	0	0	25	0	0	0	0	0	0	311	0	0	0	0	659	0	0	0	0	0	0	0	0	162	401	0	0	0	432	0	0	0	0	0	0	411	0	70	0	0	7	0	0	0	1	0	294	22	0	0	0	0	0	0	0	0	0	80	0	45	0	0	0	0	0	0	0	0	0	244	0	0	0	0	0	
129_reca	1	30659	0	0	1	1	0	1	0	2	2	0	0	0	0	0	672	0	0	0	0	1531	0	0	0	0	0	0	0	0	56	1045	0	0	0	992	0	0	0	0	0	0	742	0	123	0	0	0	0	0	0	1	0	437	595	0	0	0	0	0	0	0	0	0	831	0	53	0	0	0	0	0	0	0	0	0	319	0	0	0	0	0	
12_reca	43970	1627	4	3575	222	1584	1668	229	347	320	19	0	2	1	1	1	1046	1	57	0	0	0	0	1	604	87	28	153	5	0	196	0	0	0	2	1	29	147	0	38	0	61	0	0	0	0	2824	1	0	1	0	317	0	28	0	0	0	0	0	0	0	0	0	0	0	0	0	0	0	0	0	48	0	0	24	0	2	2	69	48	0	23	
130_reca	7	24940	0	0	0	1	0	0	0	2	0	1	0	0	0	0	371	0	0	0	0	1197	0	0	0	0	0	0	0	0	62	737	0	0	0	773	0	0	0	0	0	0	537	0	915	0	0	4	0	0	0	1	0	367	1	0	0	0	0	0	0	0	0	0	4	0	544	0	0	0	0	0	0	0	0	0	249	0	0	0	0	0	
131_reca	24388	137	0	10	27	25	376	569	10	802	468	705	0	0	0	1	586	0	658	0	0	273	461	461	256	503	14	184	386	486	38	0	0	284	256	5	347	213	0	6	0	20	0	8	0	202	0	91	138	0	0	233	1	1	14	0	1	0	0	0	0	108	142	131	2	0	0	145	97	100	0	118	0	31	18	0	0	91	86	5	101	0	
132_reca	7734	1210	0	7	390	3	962	666	40	786	266	3165	0	0	0	0	715	0	861	0	0	3	1259	827	83	315	1	232	339	648	378	0	0	895	329	0	25	119	0	51	0	8	0	3	0	454	0	4	1	0	0	158	14	9	0	0	0	0	0	0	0	336	254	161	0	0	0	91	253	302	0	71	0	18	3	0	1	152	41	14	170	0	
133_reca	8551	30	0	2	1054	5	276	542	17	338	204	2276	0	0	0	1	11	0	330	0	0	2	426	357	114	93	4	30	246	302	20	0	0	395	442	1	13	79	0	63	0	7	0	2	0	213	0	0	102	0	0	5	19	0	0	0	0	0	0	0	0	134	125	51	0	0	0	69	136	132	0	23	0	21	5	0	0	44	18	2	29	0	
134_reca	13824	133	0	6	180	9	445	848	35	832	440	1391	0	0	0	0	113	0	842	0	0	1	721	742	102	718	9	275	477	550	74	0	0	598	349	0	68	207	0	35	0	10	0	2	0	315	62	6	479	0	0	48	5	2	0	0	0	0	0	0	0	185	210	248	0	0	0	167	198	184	0	139	0	27	5	0	0	134	111	5	132	0	
135_reca	13964	623	0	6	436	7	1043	571	10	706	678	645	0	0	0	1	536	1	543	1	0	10	411	396	128	260	2	159	746	335	211	0	0	265	600	0	105	161	0	70	0	9	0	5	0	131	0	10	52	0	0	190	19	7	0	0	0	0	0	0	0	130	117	95	0	0	0	226	101	79	0	80	0	48	7	0	1	82	54	3	84	0	
136_reca	13433	1394	0	3	223	9	1282	596	25	993	359	2202	0	0	0	0	898	0	982	0	0	8	1010	839	91	426	2	281	423	675	393	0	0	681	389	0	58	166	0	34	0	13	1	3	0	422	0	6	0	0	0	298	8	15	0	48	0	0	0	0	0	308	250	168	0	0	0	112	238	266	0	122	0	20	7	0	2	167	82	3	175	0	
137_reca	11817	429	0	4	383	10	1224	701	22	877	601	403	0	0	0	1	573	0	601	0	0	17	358	470	74	332	4	216	475	385	207	3	0	227	269	2	127	224	0	80	0	15	1	9	0	165	0	15	0	0	0	198	17	4	0	0	0	0	0	0	0	141	138	119	0	0	0	211	89	68	0	102	0	52	10	0	0	101	58	12	109	1	
138_reca	3182	39	0	1	8	5	80	17	0	77	99	18	0	0	0	0	39	0	29	0	0	0	15	10	41	21	2	14	70	16	7	0	0	9	63	1	13	11	0	1	0	2	0	0	0	8	0	1	0	0	0	27	0	1	0	0	0	0	0	0	0	1	1	5	0	0	0	25	6	1	0	3	0	0	2	0	0	4	7	0	2	0	
139_reca	32509	547	0	8	972	21	1983	1052	27	1376	2466	863	0	0	0	0	706	1	729	0	0	207	582	498	273	490	21	196	2655	452	224	165	0	367	2267	8	455	301	0	175	0	34	3	27	0	194	651	103	192	0	1	245	58	3	0	0	1	0	0	0	0	150	152	178	0	0	0	646	121	123	0	111	0	202	15	0	3	119	86	4	116	0	
13_reca	87465	139	184	16342	4565	6373	3165	2180	634	1272	693	0	108	5	56	128	67	118	98	61	0	0	1	0	1307	185	69	257	500	2	84	0	1	1	477	0	132	727	0	677	0	186	0	1	0	0	366	8	0	1	11	85	21	2	0	0	36	1	1	2	8	0	0	0	0	0	0	117	0	0	6	88	5	38	58	1	1	7	92	120	0	185	
140_reca	21484	8	0	4	13	45	285	757	48	872	17	653	0	0	0	0	2	0	1125	0	0	0	605	853	179	811	4	417	2	580	22	0	0	360	0	0	15	336	0	7	0	23	0	2	0	304	37	4	127	0	0	18	0	0	0	0	0	0	0	0	0	171	177	251	0	0	0	4	156	124	0	207	0	0	12	0	0	159	165	15	184	0	
141_reca	49856	65	0	27	139	39	316	336	2	689	166	458	0	0	0	2	61	0	531	0	0	0	302	344	472	324	23	135	115	305	16	1	0	173	64	0	204	145	0	19	0	59	0	19	0	130	0	185	19	0	0	56	0	1	1	0	0	0	0	0	0	60	110	92	0	0	0	34	61	77	0	104	0	22	21	0	0	56	106	0	79	0	
142_reca	21671	220	0	9	770	24	1122	1445	60	1331	568	1900	0	0	0	0	221	0	1636	0	0	5	1190	1207	178	774	8	447	496	1018	135	2	0	782	316	0	92	381	0	139	0	23	0	6	0	505	0	20	1	0	0	90	15	3	0	0	1	0	0	0	0	309	359	298	0	0	0	152	315	320	0	227	0	39	11	0	0	192	165	11	300	0	
143_reca	47433	86	0	7	150	20	729	372	3	625	713	122	0	0	0	1	215	0	407	0	0	1	134	229	323	280	25	146	441	203	40	0	0	53	175	0	154	229	0	35	0	41	0	1	0	73	0	6	0	0	0	110	3	1	0	0	0	0	0	0	0	59	48	55	0	0	0	216	37	30	0	100	0	35	19	0	0	54	94	0	61	0	
144_reca	29392	199	0	5	820	22	1352	1209	27	1103	296	496	0	0	0	0	228	1	668	0	0	5	358	412	151	638	9	283	204	353	120	0	0	212	125	1	197	416	0	176	0	44	0	11	0	158	0	151	193	0	0	96	6	0	0	0	0	0	0	0	0	79	102	157	0	0	0	110	83	71	0	119	0	30	15	0	0	171	120	8	113	0	
145_reca	17508	678	0	4	169	17	1168	852	35	1331	939	2169	0	0	0	3	649	0	1434	0	0	6	1174	1199	117	700	8	397	876	916	276	0	0	784	698	1	110	269	0	33	0	18	1	7	0	536	0	13	0	0	0	212	8	3	0	0	0	0	0	0	0	355	337	268	0	0	0	310	299	311	0	194	0	70	9	0	0	194	153	8	242	0	
146_reca	27735	1038	0	5	269	17	1753	1137	23	1698	1452	2039	0	0	0	2	992	0	1690	0	0	11	1227	1317	171	844	8	603	1444	1028	386	0	0	735	1025	7	241	345	0	57	0	36	0	8	0	550	0	28	20	0	0	363	14	1	0	0	0	0	0	0	0	386	367	314	0	0	0	480	299	256	0	262	0	75	13	0	0	231	215	7	264	0	
147_reca	15510	69	0	3	770	10	782	1349	79	1108	349	1555	0	0	0	0	67	0	1037	0	0	1	809	864	101	1024	5	408	413	661	84	0	0	768	261	1	92	321	0	135	0	13	0	9	0	365	0	28	831	0	0	34	21	0	0	0	0	0	0	0	0	218	232	351	0	0	0	132	207	174	0	147	0	23	12	0	0	261	124	17	184	0	
148_reca	38077	152	0	19	13	23	617	638	9	903	22	763	0	0	0	0	255	0	1341	0	0	0	591	822	230	709	14	396	2	618	61	0	0	372	1	1	94	283	0	5	0	44	0	5	0	277	0	74	1	0	0	96	0	0	0	0	1	0	0	0	0	129	224	241	0	0	0	0	146	152	0	206	0	5	17	0	0	120	162	2	194	0	
149_reca	24048	413	0	13	1325	10	1439	1536	56	1634	1907	1607	0	0	0	3	362	0	1183	0	0	6	940	880	192	792	15	334	2069	750	221	0	0	706	1799	2	268	414	0	219	0	23	0	22	0	366	0	49	300	0	0	128	90	3	0	0	1	0	0	0	0	253	282	282	0	0	0	621	243	207	0	142	0	130	15	0	1	204	146	13	189	0	
14_reca	34699	1	1835	20	4315	354	2261	2178	514	1197	1092	103	1008	123	670	835	1	1176	116	470	5	0	68	52	361	153	10	218	136	39	130	0	10	27	113	0	405	502	32	561	1	534	0	2	0	15	0	30	162	44	191	24	128	0	0	0	248	52	0	79	82	13	17	26	0	0	0	29	12	13	99	43	86	17	94	41	0	40	62	67	11	0	
150_reca	27671	925	0	10	653	461	2365	925	13	1197	790	508	0	0	0	1	1031	0	699	0	0	8	434	469	208	439	12	254	680	396	324	0	0	279	386	1	129	282	0	156	0	24	0	0	0	183	0	8	0	0	0	388	17	6	0	0	0	0	0	0	0	160	123	127	0	0	0	279	90	91	0	132	0	52	17	0	0	127	105	5	129	0	
151_reca	33618	716	0	11	334	27	1725	593	5	831	574	190	0	0	0	0	998	0	379	1	0	5	194	216	253	248	17	145	475	174	208	0	0	111	284	0	96	197	0	92	0	31	0	1	0	85	0	8	2	0	0	306	5	1	0	0	0	0	0	0	0	61	68	58	0	0	0	186	42	32	0	74	0	45	20	0	0	48	68	2	62	0	
152_reca	14941	144	0	6	457	12	739	559	11	490	223	312	0	0	0	1	192	0	446	0	0	1	265	316	165	238	7	140	174	241	66	0	0	147	88	0	30	195	0	98	0	14	0	0	0	111	0	3	0	0	0	75	3	3	0	0	1	0	0	0	0	62	77	89	0	0	0	58	57	43	0	81	0	11	6	0	0	52	45	5	68	0	
153_reca	12963	179	0	7	489	6	676	896	38	926	261	1095	0	0	0	0	132	0	795	0	0	1	661	603	120	555	3	245	268	497	88	0	0	538	195	0	112	240	0	88	0	9	0	9	0	302	0	101	323	0	0	50	6	4	0	1	0	0	0	0	0	165	194	203	0	0	0	91	149	161	0	112	0	22	5	0	0	167	78	12	119	0	
154_reca	27435	1256	0	15	758	380	2695	1270	33	1511	563	840	0	0	0	0	1391	0	991	0	0	7	679	731	186	813	8	412	519	578	470	0	0	426	269	3	103	392	0	168	0	32	0	3	0	268	0	14	235	0	0	435	7	9	1	0	0	0	0	0	0	239	210	285	0	0	0	176	139	119	0	165	0	37	23	0	0	246	148	7	166	1	
155_reca	28336	76	0	7	323	20	803	848	15	751	106	293	0	0	0	0	119	1	663	0	0	0	324	423	225	536	17	297	90	346	46	0	0	158	30	0	36	354	0	72	0	25	0	0	0	143	0	2	41	0	0	62	1	1	0	66	0	0	0	0	0	81	101	141	0	0	0	37	92	58	0	150	0	8	8	0	0	81	107	2	121	0	
156_reca	27703	411	0	7	315	6	844	1215	149	1147	460	1296	0	0	0	0	331	1	1024	0	0	2	712	734	165	1236	13	419	475	587	116	0	0	573	355	1	80	312	0	55	0	26	0	8	0	321	0	17	1210	0	0	130	5	3	0	1	0	0	0	0	0	179	213	391	0	0	0	98	173	167	0	142	0	23	13	0	0	250	126	25	146	0	
157_reca	26301	1670	0	8	705	11	3398	1093	31	1657	711	991	0	0	0	0	1554	0	882	0	0	79	694	631	174	748	8	380	701	517	585	25	0	458	469	14	344	298	0	123	0	37	3	31	0	293	0	229	383	0	0	479	15	9	1	0	0	0	0	0	0	274	202	282	0	0	0	239	140	123	0	184	0	63	12	0	4	271	116	7	172	0	
158_reca	27529	1401	0	10	854	259	2221	1536	47	1643	74	2963	0	0	0	0	1419	0	1945	0	0	201	1672	1550	164	850	16	582	66	1183	492	155	0	972	48	16	216	403	0	144	0	22	6	3	0	709	0	71	1	0	0	568	3	11	0	0	0	0	0	0	0	489	373	367	0	0	0	23	403	400	0	268	0	3	13	0	8	291	224	21	340	1	
159_reca	25270	693	0	12	590	333	982	1080	33	1109	397	3700	0	0	0	1	494	0	1580	0	0	4	1297	1331	309	572	13	334	418	980	203	0	0	1104	430	1	56	251	0	84	0	32	0	3	0	742	172	6	3	0	0	152	4	4	0	105	0	0	0	0	0	389	377	295	0	0	0	110	416	406	0	185	0	31	14	0	0	187	116	4	204	0	
15_reca	12958	2	192	10	26312	9	4433	5111	5608	1659	142	2	107	5	68	95	4	79	15	77	319	1	6	0	167	39	65	702	65	8	951	0	0	0	66	0	76	494	3	1820	0	71	0	20	0	0	0	162	97	4	123	8	254	0	0	295	36	2	0	107	9	1	0	6	0	0	0	18	0	0	58	16	143	6	10	2	0	21	45	377	0	0	
160_reca	19875	479	0	8	2814	14	2160	1581	23	959	97	477	0	0	0	0	367	0	400	0	0	2	336	249	231	189	6	111	98	294	226	1	0	178	60	1	25	363	0	444	0	17	0	0	0	111	0	0	0	0	0	126	10	8	0	0	0	0	0	0	0	108	72	68	0	0	0	32	61	57	0	59	0	6	11	0	2	54	46	4	62	0	
161_reca	19392	5731	0	6	2481	11	4652	1162	41	1286	198	974	0	0	0	0	2904	0	496	0	0	8	616	335	189	234	8	168	268	357	1287	0	0	361	220	5	44	231	0	312	0	16	0	2	0	179	0	7	0	0	0	774	20	61	0	57	0	0	0	0	0	185	127	110	1	0	0	66	107	82	0	76	0	18	11	0	3	121	69	4	118	0	
162_reca	22901	768	0	11	205	20	596	661	7	686	104	3252	0	0	0	1	372	0	860	0	0	0	785	746	501	250	13	162	116	613	107	0	0	661	160	1	35	157	0	18	0	23	0	3	0	494	0	3	2	0	0	108	0	13	0	0	0	0	0	0	0	260	269	97	0	0	0	30	303	308	0	93	0	14	20	0	1	67	66	0	102	0	
163_reca	32992	373	0	26	1695	59	1226	2247	67	1824	566	6167	0	0	0	0	339	0	2060	0	0	87	1942	1889	616	773	16	463	525	1520	147	75	0	1660	651	4	138	467	0	189	0	34	0	3	0	1045	0	24	224	0	0	125	13	3	0	0	0	0	0	0	0	591	617	353	0	0	0	176	681	675	0	259	0	40	21	0	1	241	156	12	296	0	
164_reca	17502	3	0	6	4	177	102	417	9	500	113	1261	0	0	0	0	4	0	696	0	0	0	444	555	315	268	6	173	98	384	3	1	0	353	138	0	32	139	0	1	0	16	0	2	0	243	70	4	33	0	0	7	0	0	0	1	0	0	0	0	0	105	124	107	0	0	0	30	165	159	0	98	0	9	6	0	0	46	48	2	100	0	
165_reca	19697	91	0	10	1125	15	597	760	13	641	549	771	0	0	0	1	55	0	357	0	0	2	296	279	423	216	12	90	547	217	34	0	0	217	675	1	55	194	0	124	0	20	0	2	0	147	0	7	297	0	0	24	16	0	0	113	0	0	0	0	0	77	82	82	0	0	0	140	68	79	0	54	0	61	9	0	0	50	38	1	48	0	
166_reca	6910	2	0	5	59	1	68	219	2	203	13	87	0	0	0	0	0	0	92	0	0	0	73	68	163	233	5	46	6	54	7	0	0	38	3	0	8	82	0	7	0	5	0	1	0	29	0	2	305	0	0	5	0	0	0	0	0	0	0	0	0	7	18	58	0	0	0	2	12	8	0	15	0	1	2	0	0	52	24	2	14	0	
167_reca	5526	1010	0	0	685	1	901	481	26	447	2	651	0	0	0	0	574	0	320	0	0	5	381	257	83	215	2	91	0	195	266	0	0	262	0	1	4	109	0	100	0	6	0	0	0	132	0	1	190	0	0	128	1	18	0	0	0	0	0	0	0	83	71	81	0	0	0	3	51	78	0	31	0	0	1	0	0	82	28	5	50	0	
168_reca	2425	372	0	1	112	1	499	81	1	189	90	35	0	0	0	0	355	0	78	0	0	2	67	45	41	30	0	21	75	44	92	0	0	31	34	0	11	38	0	33	0	1	0	0	0	26	0	2	0	0	0	70	0	7	0	10	0	0	0	0	0	20	8	12	0	0	0	24	7	6	0	15	0	5	3	0	0	8	6	0	13	0	
169_reca	8026	504	0	4	21	6	372	196	19	343	132	740	0	0	0	0	334	0	329	0	0	2	335	251	111	168	2	83	106	202	127	0	0	225	174	0	25	56	0	8	0	8	0	1	0	141	0	0	75	0	0	80	0	6	0	0	0	0	0	0	0	55	65	51	0	0	0	37	77	81	0	43	0	6	2	0	0	27	30	2	51	0	
16_reca	17234	1827	11504	10	12817	13	2959	3385	10517	1628	1483	0	3144	272	3186	1572	407	1956	15	1186	211	58	11	0	202	26	978	1264	51	6	823	0	64	0	76	14	463	332	106	852	2	601	0	186	0	0	0	230	0	448	1379	113	1084	15	0	0	447	370	0	1128	308	0	0	2	0	14	0	48	0	0	1071	15	898	87	47	231	1	5	62	610	1	0	
170_reca	12472	1129	0	2	966	8	1604	711	20	806	753	359	0	0	0	2	889	0	297	0	0	16	258	210	118	193	3	117	845	186	337	0	0	192	646	0	77	178	0	171	0	14	0	10	0	86	0	13	55	0	0	205	41	9	0	0	0	0	0	0	0	79	75	58	0	0	0	242	44	51	0	39	0	49	4	0	0	71	37	2	56	0	
17_reca	15818	0	1467	148	76	82	4822	162	367	942	1632	135	768	0	496	718	2	703	85	517	152	0	79	54	173	64	2	211	91	35	305	0	1	44	91	0	821	61	0	27	1	333	0	1012	0	26	0	800	0	222	210	17	14	0	0	0	243	49	0	13	92	27	16	20	0	0	0	31	11	21	119	19	12	481	6	95	0	25	36	60	16	0	
18_reca	8127	195	15114	5	3774	295	500	587	1411	430	1227	0	1537	3844	1849	1417	33	931	7	1023	80	4	1	0	82	13	52	115	0	0	85	0	859	0	2	1	171	38	1236	162	2	266	0	656	0	0	0	242	0	510	413	16	523	2	0	1035	138	274	0	530	210	0	0	0	0	28	0	11	0	0	296	8	470	116	190	175	0	4	6	69	1	0	
19_reca	3521	65	8022	6	5233	3	961	822	2786	334	473	0	1460	0	1761	614	11	700	3	593	940	5	2	0	29	8	108	215	12	0	169	0	3	0	21	2	156	51	1	228	0	169	0	53	0	0	0	107	0	292	785	1	726	0	0	94	172	241	0	906	144	0	0	1	0	7	0	13	0	0	590	5	627	49	3	128	0	4	9	130	0	0	
1_reca	21960	1042	531	20	692	330	1066	995	2969	634	940	0	191	3446	108	1107	475	349	31	334	0	10	2	0	492	51	958	762	0	0	169	0	54	0	0	2	188	215	446	69	0	375	0	59	0	0	1	36	2	13	34	91	23	22	0	0	125	21	1	61	16	0	0	0	0	0	0	14	0	0	19	21	99	36	617	20	0	7	80	284	0	0	
20_reca	6850	0	6716	1	1349	6	1361	596	1896	398	932	0	1371	543	1427	1106	2	959	6	931	12	0	2	0	53	16	393	359	0	2	95	0	144	0	2	0	254	86	237	102	0	322	0	18	0	0	0	28	0	231	343	2	169	0	0	188	226	221	0	340	205	0	0	0	0	8	0	11	0	0	255	7	214	41	63	152	0	2	30	137	0	0	
21_reca	10324	2	1007	8	7335	55	2146	2082	3729	1075	671	19	407	9	324	204	2	309	17	142	1	0	19	2	106	52	733	603	256	6	390	0	0	7	297	0	262	247	1	569	0	111	0	1010	0	5	0	700	95	86	160	9	384	0	0	103	59	10	0	121	24	0	1	2	0	2	0	42	1	0	117	6	103	215	4	26	0	19	30	285	2	0	
22_reca	14050	0	1335	2	4942	539	3320	2200	1625	950	775	0	774	240	564	668	0	769	20	383	144	0	3	0	53	25	1346	522	1	3	309	0	39	0	0	0	324	379	98	650	8	381	0	35	0	0	82	70	0	57	347	12	246	0	0	0	227	61	4	144	66	0	0	1	0	88	0	15	0	0	170	21	204	34	110	63	0	2	63	207	0	0	
23_reca	15922	196	1150	7	3139	368	2423	1468	1341	1000	660	104	601	1	418	443	125	563	75	250	4	9	86	50	199	71	909	446	5	47	229	0	0	41	7	0	260	326	0	432	0	251	0	175	0	23	0	139	24	39	182	38	97	1	1	0	162	34	0	72	49	12	20	22	0	2	0	10	11	6	94	23	77	78	9	27	0	24	57	159	17	0	
24_reca	13900	0	11720	311	6558	9	1137	1128	1182	701	2079	1	1681	5491	1687	1970	1	1441	14	1283	128	0	2	2	86	16	265	130	3	1	100	0	1858	0	0	0	297	117	1564	335	3023	404	0	388	0	0	0	166	0	396	642	10	926	0	0	52	240	313	1123	594	282	0	0	0	0	9	0	20	0	0	348	10	571	119	791	262	0	4	16	58	0	0	
25_reca	7047	1	21233	4	4	11	21	4	1	176	1589	0	1204	11196	1233	2450	0	1138	9	1825	2690	0	0	0	174	20	54	0	0	0	3	0	3102	0	1	0	151	16	3181	0	0	210	0	1	0	0	0	9	34	439	5	3	0	0	0	2	174	578	0	14	353	0	0	1	0	26	0	6	0	0	2	11	3	59	424	318	0	1	7	0	0	0	
26_reca	67	1380	15823	0	444	0	30	4	83	8	56	0	294	5564	657	118	26	30	0	136	3156	13	0	0	6	0	133	1	0	0	203	0	2261	0	0	23	1	0	2054	0	3	6	0	4	0	0	0	1	0	187	477	1	108	57	0	58	5	283	7	223	60	0	0	0	0	112	0	1	0	0	300	6	140	3	5	32	1	0	0	0	0	0	
27_reca	7701	1	5842	3	169	4	99	105	229	226	1228	0	1039	1912	1031	1460	1	1088	7	1200	531	0	0	0	51	18	156	57	2	0	3	0	528	0	1	0	305	37	710	18	0	365	0	4	0	0	390	16	0	248	34	3	28	0	0	136	234	296	0	61	236	0	0	0	0	5	0	4	0	0	23	3	64	79	267	185	0	0	8	29	0	0	
28_reca	15453	1	899	4	5202	11	1479	1966	3261	1134	617	1	348	2	248	211	1	300	7	190	29	0	5	1	29	15	869	595	97	4	207	0	0	3	143	0	253	269	2	424	1	80	0	691	0	2	0	594	1	37	84	10	176	0	0	109	51	5	0	77	36	0	1	1	0	0	0	22	1	0	67	11	65	177	10	18	0	1	38	269	0	0	
29_reca	8610	0	4	1	1688	4	581	910	1482	983	411	3	1	1	3	0	0	0	3	0	2	1	1	0	12	88	108	349	217	2	129	0	0	1	265	0	249	138	0	146	0	5	0	489	0	0	0	584	309	0	0	3	63	0	0	0	0	0	0	0	0	0	0	33	0	0	0	53	0	0	0	2	0	157	0	0	0	23	26	154	0	0	
2_reca	13527	4	5382	9	795	523	342	388	388	533	1602	0	1643	960	1255	1755	0	1462	16	1165	129	0	1	0	207	30	1469	119	0	0	19	0	189	0	0	0	482	98	387	84	0	551	0	101	0	0	0	83	0	263	97	12	100	0	0	142	309	268	0	96	234	0	0	0	0	15	0	16	0	0	70	13	106	133	187	218	0	0	27	54	1	0	
30_reca	14628	254	37	8	4163	173	1212	1706	3859	781	102	0	68	0	30	9	79	67	3	5	0	0	2	0	8	3	1617	646	0	1	140	0	2	0	0	0	35	161	0	387	0	11	0	74	0	0	0	54	0	3	21	39	27	0	0	0	0	0	1	7	1	0	0	0	0	0	0	2	0	0	4	10	1	16	8	0	0	0	30	341	0	0	
31_reca	3859	173	16190	4	1430	90	163	158	46	232	864	0	1170	14	1518	1110	27	732	4	1095	4908	3	0	0	54	10	4	4	0	0	66	0	214	0	0	0	123	24	10	51	200	123	0	475	0	0	0	129	0	581	269	4	270	8	0	1018	140	316	161	343	299	0	0	0	0	19	0	2	0	0	194	4	248	69	13	217	0	0	2	1	0	0	
32_reca	11133	3	44015	4	879	5	106	177	1785	546	2030	0	1909	2756	2454	2069	0	1573	1	1964	173	0	2	0	21	11	860	115	0	0	5	0	1919	0	0	0	146	13	1012	30	1916	178	0	1272	0	0	1	192	0	917	131	6	160	0	0	331	105	477	1000	386	562	0	0	0	0	185	0	3	0	0	133	4	190	139	198	314	0	0	6	59	0	0	
33_reca	33188	2	7632	16	14795	30	2711	2805	1432	1414	1543	6	1602	1	1355	1282	2	1403	36	1054	2288	1	1	0	1204	88	20	213	0	3	225	0	11	2	0	0	399	302	1	892	0	391	0	1070	0	0	1	448	1	194	551	19	637	0	0	1925	267	79	0	459	244	1	0	0	0	436	0	13	0	0	326	32	386	206	40	85	0	3	43	87	0	0	
34_reca	36080	1	20570	10	3814	27	545	519	5	877	4121	3	1836	5045	2482	2966	0	2133	17	2081	6494	0	0	0	24	142	9	5	0	0	23	0	1395	0	6	0	305	36	1444	194	2402	494	0	13	0	0	0	16	837	280	198	10	470	0	0	433	273	283	893	258	646	0	0	28	0	5631	0	4	0	0	103	23	139	47	902	282	0	15	12	1	0	0	
35_reca	15333	206	6074	1	255	9	280	181	279	504	1815	0	1907	1	1584	1298	109	1698	6	1289	2	11	0	0	6	2	10	90	0	0	56	0	599	0	0	0	498	33	0	27	1519	410	0	1	0	0	3041	24	0	263	93	36	35	1	0	0	403	187	897	39	327	0	0	0	0	2	0	6	0	0	67	8	32	82	467	225	0	0	6	57	0	0	
36_reca	31555	1	1901	82	3066	10	1116	1079	440	762	955	138	666	2	472	769	2	638	82	644	1035	0	35	41	57	28	6	143	0	33	51	0	4	30	0	0	297	163	0	320	28	270	0	274	0	18	0	175	11	45	65	16	85	0	0	0	175	26	3	84	132	10	10	9	0	2	0	8	10	11	33	23	68	103	21	22	0	6	26	39	5	0	
37_reca	30437	0	496	12	213	7	125	206	1	463	577	53	290	1	170	182	1	396	35	137	1	0	19	20	19	148	7	15	0	19	3	0	0	12	1	0	235	55	1	37	0	92	0	353	0	8	0	204	362	19	6	14	0	0	0	0	67	4	0	4	23	5	7	41	0	0	0	0	7	5	1	19	1	128	13	11	0	38	16	0	1	0	
38_reca	4004	414	1765	727	3239	17	507	1047	10703	469	185	431	442	0	458	168	60	186	42	108	5	4	305	40	79	38	105	715	39	35	221	0	3	150	52	1	75	66	67	123	0	59	0	398	0	26	83	225	568	52	113	15	118	5	0	54	42	16	0	256	27	13	10	35	0	3	0	6	14	18	152	8	147	56	1	18	0	22	29	382	13	0	
39_reca	50838	2	5	9	3269	632	1337	1491	1120	798	84	259	1	0	0	2	1	2	173	0	0	0	115	88	59	59	411	355	0	55	42	0	0	76	0	0	59	235	0	373	1	31	0	118	0	54	0	90	0	0	0	34	3	0	0	0	0	2	0	0	0	18	20	22	0	0	0	0	28	42	0	36	0	43	21	0	0	11	50	144	17	0	
3_reca	12457	0	6506	6	1936	51	1145	745	1329	814	1815	0	1546	774	1340	1581	1	1169	13	1173	1827	2	1	0	199	25	409	308	208	1	109	0	153	0	408	0	508	119	268	135	0	478	0	913	0	0	0	410	0	549	253	9	243	0	0	302	349	239	0	279	252	0	0	0	0	9	0	55	0	0	175	12	245	318	91	284	0	2	27	123	0	0	
40_reca	22169	1853	19709	8	2528	32	1431	639	210	916	2727	0	3767	660	3574	3285	621	3095	22	2531	55	69	0	0	308	41	63	32	0	0	395	0	401	0	0	11	674	121	324	174	517	771	0	13	0	0	171	64	0	637	805	151	281	19	0	112	586	712	269	293	583	0	0	0	0	20	0	21	0	0	487	16	250	147	172	480	0	2	31	14	0	0	
41_reca	1160	0	16822	2	90	42	4	12	65	72	435	0	651	722	750	656	0	435	1	857	2273	0	0	0	32	3	36	4	10	0	1	0	3026	0	91	0	51	4	408	2	2216	34	0	5	0	0	0	6	0	441	20	1	25	0	0	0	52	386	2045	80	253	0	0	0	0	26	0	4	0	0	28	3	49	38	53	201	0	0	2	2	0	0	
42_reca	906	0	15429	1	1	0	2	0	0	48	278	0	580	703	607	473	0	363	1	623	39	0	0	0	9	4	16	0	0	0	0	0	1084	0	0	0	27	1	1065	0	543	21	0	2	0	0	0	5	0	257	2	0	0	0	0	12	33	284	626	0	186	0	0	0	0	15	0	0	0	0	2	0	0	15	17	140	0	0	0	0	0	0	
43_reca	3603	21	143	7	3620	5	1231	1053	1999	479	140	618	50	73	41	49	5	37	87	35	10	0	400	100	106	143	117	322	137	93	240	0	2	243	171	1	58	92	18	254	0	34	0	109	0	71	2	141	662	3	34	2	103	3	0	2	11	0	0	33	4	70	39	55	0	2	0	32	31	42	21	6	27	25	8	3	0	76	26	140	35	0	
44_reca	6380	0	270	3	1180	6	396	460	436	271	140	6	99	85	67	126	0	88	12	77	118	0	4	2	368	14	41	107	0	3	22	0	3	2	0	0	40	96	19	100	0	46	0	31	0	1	0	27	2	5	17	1	37	0	0	4	31	3	0	23	11	0	1	0	0	5	0	3	0	0	12	6	29	9	19	1	0	1	12	45	1	0	
45_reca	3675	0	1091	1	80	2	46	40	5	134	303	0	281	26	166	288	0	267	3	249	0	1	0	0	157	6	577	1	1	0	6	0	3	0	1	0	84	13	5	6	0	69	0	119	0	0	0	40	0	49	17	0	9	0	0	0	33	32	0	5	61	0	0	0	0	1	0	1	0	0	2	5	3	43	5	31	0	1	40	1	0	0	
46_reca	2581	0	600	3	1	3	5	1	0	74	181	0	132	0	111	140	0	161	2	95	0	0	0	0	109	5	19	0	0	0	0	0	27	0	0	0	43	4	0	0	88	31	0	38	0	0	0	20	0	18	0	4	0	0	0	0	22	16	28	0	20	0	0	0	0	2	0	1	0	0	0	4	0	14	15	10	0	0	5	0	0	0	
47_reca	1230	0	1	0	38	12	30	14	0	19	6	6	1	0	0	1	0	0	3	0	0	0	1	1	12	4	4	1	0	1	0	0	0	0	0	0	5	6	0	4	0	1	0	7	0	0	0	5	2	0	0	1	0	0	0	0	0	0	0	0	0	0	0	0	0	0	0	0	2	0	0	2	0	0	1	0	0	0	3	0	1	0	
48_reca	1071	0	2	0	7	3	15	1	1	22	16	0	0	1	1	0	0	0	0	0	0	0	0	0	15	5	5	0	1	0	0	0	1	0	2	0	9	3	0	0	3	1	0	11	0	0	0	7	0	0	0	0	0	0	0	0	0	0	0	0	1	0	0	0	0	0	0	0	0	0	0	1	0	6	1	0	0	0	1	0	0	0	
49_reca	11844	0	6660	537	17	142	133	8	0	314	1151	0	1577	0	1334	1471	1	1392	21	1078	15	0	0	0	185	24	236	0	0	0	4	0	4	0	0	0	377	23	69	4	0	379	0	0	0	0	1323	14	0	208	19	10	1	0	0	0	290	237	0	1	264	0	0	0	0	9	0	5	0	0	6	6	2	69	7	162	0	1	9	0	0	0	
4_reca	12110	222	11	591	41	405	283	62	96	86	16	0	5	0	7	7	150	4	11	4	0	1	1	0	204	24	6	41	6	0	36	0	0	0	5	0	9	43	0	8	0	15	0	0	0	0	258	1	0	0	0	39	0	1	0	16	0	0	0	0	0	0	0	0	0	0	0	1	0	0	0	47	0	0	6	0	0	0	13	16	0	4	
50_reca	1876	15676	2600	15	62	3	1412	9	126	121	109	0	636	0	702	132	1212	221	0	129	5	222	0	0	17	7	76	11	0	0	1161	0	32	0	0	182	44	3	1	5	150	66	0	0	0	0	594	23	0	43	1061	138	4	159	0	0	53	46	43	7	22	0	0	0	0	2	0	1	0	0	528	3	4	3	3	11	10	4	1	2	0	0	
51_reca	20070	0	0	4685	0	2324	45	0	0	21	8	0	1	0	0	0	0	0	25	0	0	0	0	0	254	40	12	0	0	0	0	0	0	0	0	0	13	43	0	0	0	27	0	0	0	0	0	0	0	0	0	12	0	0	0	0	0	0	0	0	0	0	0	0	0	0	0	0	0	0	0	25	0	0	12	0	0	0	18	0	0	56	
52_reca	29930	0	0	5945	0	4974	70	0	0	37	17	0	1	0	0	1	0	0	28	0	0	0	0	0	374	54	12	0	0	0	0	0	0	0	0	0	18	58	0	0	0	36	0	0	0	0	1	0	0	0	0	26	0	0	0	0	0	0	0	0	0	0	0	0	0	0	0	0	0	0	0	35	0	0	11	0	0	0	27	0	0	166	
53_reca	36426	1	43	8998	12	4843	212	3	4	90	67	0	12	0	3	15	1	12	44	9	0	0	6	0	702	106	21	1	0	2	0	0	0	0	0	0	35	88	0	0	0	42	0	12	0	0	0	20	0	0	0	29	1	0	0	0	4	0	0	0	1	0	0	0	0	0	0	2	0	0	0	34	0	5	17	0	0	0	46	0	3	94	
54_reca	28765	0	0	10129	0	4383	54	0	0	19	15	0	0	0	0	0	0	0	30	0	0	0	0	0	274	51	10	0	0	0	0	0	0	0	0	0	14	40	0	0	0	39	0	0	0	0	0	1	0	0	0	17	0	0	0	0	0	0	0	0	0	0	0	0	0	0	0	0	0	0	0	27	0	0	17	0	0	0	18	0	0	203	
55_reca	25632	0	1	23733	0	17045	58	0	0	21	9	0	1	0	0	0	0	2	27	1	0	0	0	0	336	56	15	0	0	0	0	0	0	0	0	0	23	47	0	0	0	49	0	0	0	0	0	0	0	1	0	15	0	0	0	0	0	0	0	0	1	0	0	0	0	0	0	0	0	0	0	21	0	0	10	0	0	0	25	0	0	1192	
56_reca	6846	0	0	3386	0	1715	18	0	0	10	1	0	0	0	0	0	0	0	6	0	0	0	0	0	97	23	1	0	0	0	0	0	0	0	0	0	4	8	0	0	0	11	0	0	0	0	0	0	0	0	0	7	0	0	0	0	0	0	0	0	0	0	0	0	0	0	0	0	0	0	0	5	0	0	6	0	0	0	5	0	0	107	
57_reca	12507	1	0	4890	14	2789	57	6	0	20	8	0	1	1	0	0	0	0	15	0	0	0	0	0	156	20	5	0	0	1	0	0	0	0	1	0	11	28	0	1	0	23	0	0	0	0	0	0	0	0	0	10	0	0	0	0	0	0	0	0	0	0	0	0	0	0	0	0	0	0	0	9	0	0	9	0	0	0	10	0	0	158	
58_reca	5535	0	2	3905	0	879	15	0	1	10	6	0	0	0	0	1	0	1	12	1	0	0	0	0	99	15	2	2	0	0	0	0	0	0	0	0	2	10	0	0	0	11	0	2	0	0	0	2	0	0	0	1	0	0	0	0	0	0	0	0	0	0	0	0	0	0	0	0	0	0	0	6	0	2	1	0	0	0	4	0	0	50	
59_reca	32502	0	4	10008	1	745	96	8	32	47	25	0	2	0	0	2	0	1	43	1	0	0	0	0	513	70	14	11	1	0	0	0	0	0	0	0	23	74	0	0	0	51	0	1	0	0	1	0	0	0	0	25	0	0	0	0	1	0	0	0	0	0	0	0	0	0	0	2	0	0	0	33	0	0	14	0	0	0	25	0	0	27	
5_reca	6933	1049	611	972	7	278	520	38	167	130	288	0	200	37	160	153	420	164	7	122	1	8	0	0	87	14	317	32	142	0	115	0	2	0	204	0	66	12	12	0	1	56	0	0	0	0	76	6	0	20	43	96	0	10	0	1	38	6	0	2	21	0	0	0	0	3	0	28	0	0	20	41	1	16	9	8	2	0	11	10	0	10	
60_reca	8318	0	1	1833	0	2292	20	0	0	10	2	0	0	0	1	0	0	1	8	0	0	0	0	0	137	24	4	0	0	0	0	0	0	0	0	0	5	19	0	0	0	12	0	0	0	0	0	0	0	0	0	4	0	0	0	0	0	0	0	0	0	0	0	0	0	0	0	0	0	0	0	11	0	0	2	0	0	0	8	0	0	68	
61_reca	10908	0	10	11620	1	1396	33	0	0	23	20	0	3	1	3	9	0	3	10	5	0	0	0	0	187	18	7	0	0	0	0	0	0	1	0	0	9	29	0	0	0	23	0	1	0	0	0	3	0	0	0	8	0	0	0	0	3	0	0	0	0	0	0	0	0	0	0	0	0	0	0	23	0	2	13	0	0	0	10	1	0	105	
62_reca	15231	2	4	5081	0	1546	55	1	7	17	15	0	2	1	2	2	1	2	23	0	1	0	0	0	158	30	4	1	0	0	0	0	0	0	0	0	16	28	0	1	0	19	0	1	0	0	0	1	1	0	0	12	0	0	0	0	0	0	0	0	0	1	0	1	0	0	0	0	0	0	0	20	0	2	6	0	0	0	19	0	0	81	
63_reca	7111	0	1	4720	1	1306	21	0	1	7	7	0	0	0	1	1	0	2	5	1	2	0	0	0	64	15	3	1	1	0	1	0	0	0	0	0	9	10	0	0	0	13	0	0	0	0	0	0	0	0	0	4	0	0	0	0	1	0	0	0	0	0	0	0	0	0	0	1	0	0	0	7	0	0	5	0	0	0	7	0	0	122	
64_reca	4475	0	4	3124	2	1204	20	2	2	12	5	0	1	0	1	4	1	2	2	1	0	0	0	0	56	10	0	0	0	0	0	0	0	0	0	0	9	7	0	1	0	6	0	1	0	0	0	3	0	0	0	4	0	0	0	0	3	1	0	0	0	0	0	1	0	0	0	0	0	0	0	5	0	1	5	0	0	0	5	0	0	129	
65_reca	5768	0	48	11360	2	3681	187	10	25	28	62	4	27	2	17	42	0	15	16	28	6	0	1	1	62	15	2	10	0	0	3	0	1	1	3	0	43	13	1	0	0	32	0	43	0	3	0	15	0	5	0	8	0	0	0	0	8	0	1	0	3	0	0	4	0	0	0	0	1	3	0	9	0	20	6	0	0	1	11	7	0	360	
66_reca	11822	0	1	6841	1	2862	40	1	1	13	6	0	0	0	0	4	0	3	18	1	0	0	0	0	118	26	6	0	0	0	0	0	0	1	0	0	11	16	0	0	0	23	0	1	0	0	0	1	0	0	0	4	0	0	0	0	0	0	0	0	0	0	0	0	0	0	0	0	0	0	0	12	0	0	10	0	0	0	10	0	0	256	
67_reca	7770	0	9	4812	1	1496	46	3	1	15	19	0	5	0	1	10	0	6	11	2	0	0	1	0	130	15	5	5	2	0	0	0	0	2	0	0	10	12	0	0	0	18	0	2	0	0	0	3	0	0	0	8	0	0	0	0	5	0	0	0	3	0	0	0	0	0	0	0	1	0	0	16	0	3	9	0	0	0	12	0	0	109	
68_reca	6881	0	9	8554	3	1817	54	1	2	17	20	1	7	0	6	18	0	5	14	8	1	0	0	0	78	9	3	3	1	0	1	0	0	1	1	0	19	12	0	0	0	17	0	4	0	0	0	6	0	1	0	2	0	0	0	0	2	0	0	0	0	1	0	1	0	0	0	1	0	0	0	8	0	4	4	0	0	1	11	1	0	199	
69_reca	13873	0	4	2013	2	1352	72	2	3	25	29	0	6	0	2	5	1	10	15	3	1	0	0	2	209	35	4	0	0	0	0	0	0	0	0	0	20	25	0	1	0	22	0	3	0	0	1	9	0	2	1	12	0	0	0	0	3	0	0	0	1	0	0	0	0	0	0	2	0	0	1	21	0	0	12	0	0	0	19	0	0	25	
6_reca	7876	2	203	3	354	2	165	170	22	147	218	1	87	0	82	99	0	115	9	71	77	0	0	1	84	73	34	9	4	0	2	0	2	0	1	0	77	46	0	38	50	60	0	53	0	0	0	43	126	9	9	6	7	0	0	0	35	4	12	9	15	0	0	17	0	10	0	0	0	0	7	7	3	26	13	3	0	6	6	0	0	0	
70_reca	9887	0	0	4096	0	4109	17	0	0	11	1	0	0	0	2	0	0	0	19	0	0	0	0	0	109	22	7	0	0	0	0	0	0	0	0	0	8	12	0	1	0	8	0	0	0	0	0	1	0	0	0	5	0	0	0	0	0	0	0	0	0	0	0	0	0	0	0	0	0	0	0	8	0	0	6	0	0	0	15	0	0	187	
71_reca	7472	0	1	3973	0	374	16	0	0	6	3	0	0	0	0	0	0	0	7	0	0	0	0	0	164	22	3	0	0	0	0	0	0	0	0	0	2	10	0	0	0	6	0	0	0	0	0	0	0	0	0	7	0	0	0	0	0	0	0	0	0	0	0	0	0	0	0	0	0	0	0	2	0	0	6	0	0	0	5	0	0	20	
72_reca	4501	0	0	2049	0	840	10	1	0	6	3	0	0	0	0	0	0	0	4	0	0	0	0	0	86	8	4	0	0	0	0	0	0	0	0	0	3	10	0	0	0	8	0	0	0	0	51	0	0	0	0	3	0	0	0	0	0	0	0	0	0	0	0	0	0	0	0	0	0	0	0	4	0	0	5	0	0	0	2	0	0	41	
73_reca	4621	0	0	1212	0	3263	14	0	0	5	1	0	0	0	0	0	0	0	5	0	0	0	0	0	90	18	3	0	0	1	0	0	0	0	0	0	9	11	0	0	0	3	0	0	0	0	0	0	0	0	0	4	0	0	0	0	0	0	0	0	0	0	0	0	0	0	0	0	0	0	0	5	0	0	4	0	0	0	4	0	0	49	
74_reca	9365	1	0	3901	1	2541	16	0	0	4	7	0	0	0	0	0	0	0	11	0	0	0	0	0	154	22	1	0	0	0	0	0	0	0	0	0	1	20	0	0	0	18	0	0	0	0	0	0	0	0	0	3	0	0	0	0	0	0	0	0	0	0	0	0	0	0	0	0	0	0	0	10	0	0	7	0	0	0	7	0	0	110	
75_reca	3447	0	1	1154	1	420	11	0	0	3	1	0	0	0	0	0	0	0	7	0	1	0	0	0	44	10	3	0	0	0	0	0	0	0	0	0	4	4	0	0	0	2	0	1	0	0	0	0	0	0	0	3	0	0	0	0	0	0	0	0	0	0	0	0	0	0	0	0	0	0	0	2	0	0	2	0	0	0	3	0	0	36	
76_reca	1525	0	0	1981	0	253	2	0	0	0	0	0	0	0	0	1	0	0	2	0	0	0	0	0	15	3	0	0	0	0	0	0	0	0	0	0	3	3	0	0	0	4	0	0	0	0	0	0	0	0	0	0	0	0	0	0	0	0	0	0	0	0	0	0	0	0	0	0	0	0	0	1	0	0	2	0	0	0	4	0	0	9	
77_reca	1778	0	0	1154	0	558	2	0	0	1	0	0	0	0	0	0	0	0	5	0	0	0	0	0	15	4	0	0	0	0	0	0	1	0	0	0	0	0	0	0	0	2	0	0	0	0	0	0	0	0	0	2	0	0	0	0	0	0	0	0	0	0	0	0	0	0	0	0	0	0	0	3	0	0	0	0	0	0	0	0	0	20	
78_reca	2251	0	2	510	0	263	2	0	2	5	0	0	0	0	0	0	1	0	1	0	0	0	0	0	40	2	2	1	0	0	0	0	0	0	0	0	6	2	0	0	0	4	0	0	0	0	0	0	0	0	0	2	0	0	0	0	0	0	0	0	0	0	0	0	0	0	0	0	0	0	0	3	0	0	2	0	0	0	2	0	0	8	
79_reca	6275	0	0	3684	0	1508	15	0	0	5	1	0	0	0	1	0	0	0	5	0	0	0	0	0	53	8	4	0	0	0	0	0	0	0	0	0	4	9	0	0	0	9	0	0	0	0	0	0	0	0	0	5	0	0	0	0	0	0	0	0	0	0	0	0	0	0	0	0	0	0	0	7	0	0	3	0	0	0	2	0	0	139	
7_reca	14464	1064	35	2777	145	537	1157	91	142	168	23	46	17	0	10	10	494	7	44	13	1	1	11	17	179	44	308	56	0	12	130	0	0	22	0	1	18	37	0	29	0	27	0	4	0	12	384	11	0	0	1	119	2	13	0	0	6	0	0	1	4	3	4	4	0	0	0	0	7	6	0	16	0	0	8	0	1	6	20	15	2	12	
80_reca	4470	0	0	2928	0	162	14	0	0	5	0	0	0	0	0	0	0	0	5	0	0	0	0	0	77	11	0	0	0	0	0	0	0	0	0	0	4	7	0	0	0	1	0	0	0	0	0	0	1	0	0	8	0	0	0	0	1	0	0	0	0	0	0	0	0	0	0	0	0	0	0	7	0	0	2	0	0	0	3	0	0	10	
81_reca	11063	0	1	3940	0	3733	28	0	0	14	2	0	0	0	1	0	0	0	17	0	0	0	0	0	157	23	12	0	0	0	0	0	0	0	0	0	1	23	0	0	0	15	0	0	0	0	0	0	0	0	0	2	0	0	0	0	0	0	0	0	0	0	0	0	0	0	0	0	0	0	0	9	0	0	8	0	0	0	8	0	0	230	
82_reca	6205	0	1	2679	91	364	48	24	1	21	1	0	0	0	0	0	0	0	7	0	0	0	0	0	121	17	3	0	0	0	0	0	0	0	0	0	5	21	0	10	0	7	0	0	0	0	0	0	0	0	0	2	0	0	0	0	1	0	0	0	0	0	0	0	0	0	0	0	0	0	0	10	0	0	4	0	0	0	5	0	0	15	
83_reca	2064	0	0	432	0	333	2	0	0	7	1	0	0	0	0	0	0	0	2	0	0	0	0	0	19	5	1	0	0	0	0	0	0	0	0	0	0	2	0	0	0	4	0	0	0	0	1	0	0	0	0	1	0	0	0	0	0	0	0	0	0	0	0	0	0	0	0	0	0	0	0	2	0	0	0	0	0	0	0	0	0	18	
84_reca	698	0	0	723	0	101	0	0	0	0	0	0	0	0	0	0	0	0	1	0	0	0	0	0	8	0	2	0	0	0	0	0	0	0	0	0	2	0	0	0	0	0	0	0	0	0	0	0	0	0	0	1	0	0	0	0	0	0	0	0	0	0	0	0	0	0	0	0	0	0	0	0	0	0	0	0	0	0	2	0	0	12	
85_reca	11506	0	0	1869	0	873	29	0	0	17	5	1	0	0	0	0	0	2	13	0	0	0	0	0	180	24	7	0	0	0	0	0	0	0	0	0	9	23	0	0	0	22	0	0	0	0	0	0	0	0	0	7	0	0	0	0	0	0	0	0	0	1	0	0	0	0	0	0	0	0	0	12	0	0	10	0	0	0	18	0	0	20	
86_reca	7611	1	0	4674	0	3266	12	0	0	13	3	0	0	0	0	0	1	0	8	0	0	0	1	0	66	22	1	0	0	0	1	0	0	0	0	0	5	9	0	0	0	8	0	0	0	0	0	0	0	0	0	2	0	0	0	0	0	0	0	0	0	0	0	0	0	0	0	0	0	0	0	8	0	0	5	0	0	0	5	0	0	272	
87_reca	12804	10	0	5603	0	1646	18	0	1	12	6	0	0	0	0	0	0	0	13	0	0	0	0	0	122	26	8	0	0	0	0	0	0	0	0	0	8	12	0	0	0	19	0	0	0	0	0	0	0	0	0	9	0	0	0	0	1	0	0	0	0	0	0	0	0	0	0	0	0	0	0	10	0	0	10	0	0	0	9	0	0	135	
88_reca	18563	4	0	4122	0	802	50	0	0	27	11	0	0	0	0	0	2	0	27	0	0	0	0	0	202	37	9	0	0	0	0	0	0	1	0	1	20	33	0	0	0	20	0	0	0	0	0	0	0	0	0	19	0	0	0	0	0	0	0	0	0	0	0	0	0	0	0	0	0	0	0	15	0	0	15	0	0	0	15	0	0	19	
89_reca	206	2	0	213	1	95	1	2	0	0	0	0	0	0	0	0	0	0	0	0	0	1	0	0	3	1	0	0	0	0	0	0	0	0	0	0	0	0	0	0	0	0	0	0	0	0	0	0	0	0	0	0	0	0	0	0	0	0	0	0	0	0	0	0	0	0	1	0	0	0	0	0	0	0	0	0	0	0	0	0	0	8	
8_reca	30623	2	1337	675	1789	25	1273	1997	2710	1585	1178	0	736	0	485	586	1	802	21	303	1	0	3	2	348	414	1643	967	0	2	94	0	0	0	0	0	536	495	2	256	0	366	0	442	0	0	0	414	850	44	84	26	48	1	0	616	170	30	0	62	60	0	0	103	0	4	0	9	0	0	62	37	79	177	23	31	0	98	131	348	0	1	
90_reca	9573	5	0	5184	0	3738	18	0	0	6	8	0	0	0	0	0	0	0	11	0	0	0	0	0	163	25	2	0	0	0	0	0	0	0	0	0	6	22	0	0	0	11	0	0	0	0	0	0	0	0	0	11	0	0	0	0	0	0	0	0	0	0	0	0	0	0	0	0	0	0	0	9	0	0	10	0	0	0	2	0	0	191	
91_reca	4	33736	0	0	0	1	1	0	0	6	0	0	0	0	0	0	439	0	0	0	0	593	0	0	0	0	0	0	1	0	94	141	0	1	2	371	0	0	0	0	0	0	78	0	393	0	0	1	0	0	0	1	0	431	450	0	0	0	0	0	0	0	0	0	479	0	215	0	0	0	0	0	0	0	0	0	42	0	0	0	0	0	
92_reca	4	23405	1	0	0	0	1	0	0	2	0	0	0	0	0	0	663	0	0	0	0	88	0	0	1	0	0	0	1	0	53	25	0	0	1	63	0	0	0	0	0	0	42	0	0	0	0	0	0	0	0	3	0	236	569	0	0	0	0	0	0	0	0	0	437	0	2	0	0	0	0	0	0	0	0	0	36	0	0	0	0	0	
93_reca	3	40192	0	0	0	0	1	0	0	2	0	0	0	0	0	0	226	0	0	0	0	607	0	0	0	0	0	0	0	0	68	16	0	0	0	499	0	0	0	0	0	0	15	0	1061	0	0	0	0	0	0	1	0	229	1	0	0	0	0	0	0	0	0	0	1	0	682	0	0	0	0	0	0	0	0	0	25	0	0	0	0	0	
94_reca	2	34931	0	0	0	0	1	0	0	1	0	1	0	0	0	0	586	0	0	0	0	1896	0	0	0	0	0	0	0	0	98	1856	0	0	0	1089	0	0	0	0	0	0	1549	0	38	0	0	16	0	0	0	0	0	210	59	0	0	0	0	0	0	0	0	0	86	0	21	0	0	0	0	0	0	0	0	0	563	0	0	0	0	0	
95_reca	3	38097	0	0	0	0	1	1	0	1	0	1	0	0	0	0	224	0	0	0	0	456	0	0	0	0	0	0	0	0	72	79	0	0	0	353	0	0	0	0	0	0	90	0	0	0	0	1	0	0	0	0	0	234	143	0	0	0	0	0	0	0	0	0	454	0	0	0	0	0	0	0	0	0	0	0	36	0	0	0	0	0	
96_reca	99	28538	0	0	1	0	154	0	0	5	0	1	0	0	0	0	642	0	0	0	0	403	0	0	1	1	0	0	0	0	95	88	0	0	0	317	2	0	0	1	0	0	123	0	119	0	0	0	0	0	0	20	0	123	282	0	0	0	0	0	0	0	0	0	364	0	119	0	0	0	0	1	0	0	0	0	43	0	0	0	0	0	
97_reca	2	40500	0	0	0	0	1	0	0	3	0	0	0	0	0	0	560	0	0	0	0	1345	0	0	0	0	0	0	1	0	170	737	0	0	1	906	0	0	0	0	0	0	772	0	421	0	0	46	0	0	0	0	0	284	97	0	0	0	0	0	0	0	0	0	162	0	304	0	0	0	0	0	0	0	0	0	335	0	0	0	0	0	
98_reca	3	16450	0	0	3	0	0	0	0	2	0	4	0	0	0	0	99	0	0	0	0	158	5	0	0	0	0	0	0	1	112	19	0	1	0	106	0	0	0	0	0	0	19	0	32	0	0	48	0	0	0	0	0	87	29	0	0	0	0	0	0	0	0	0	68	0	24	0	0	0	0	0	0	0	0	0	13	0	0	0	0	0	
99_reca	0	33901	0	0	0	0	0	0	0	1	0	0	0	0	0	0	114	0	0	0	0	125	0	0	0	0	0	0	0	0	85	14	0	0	0	137	0	0	0	0	0	0	21	0	101	0	0	1	0	0	0	0	0	198	1	0	0	0	0	0	0	0	0	0	5	0	131	0	0	0	0	0	0	0	0	0	34	0	0	0	0	0	
9_reca	51016	0	4788	39	311	41	371	573	677	1407	2783	190	1900	1	1252	1904	1	2169	138	1298	15	0	73	78	800	335	5937	297	63	55	19	0	2	46	117	0	1071	184	1	42	0	793	0	866	0	39	0	554	310	228	35	43	11	0	0	0	448	121	0	34	270	27	33	46	0	10	0	38	22	14	27	69	31	385	33	155	0	38	92	111	11	0	
total	2071199	935400	307346	219220	161679	103420	100905	75844	69561	68437	65526	52535	44678	44633	42321	42272	41033	37441	33958	32515	28338	27440	26316	25170	23314	22732	22629	21554	20491	20322	19650	19277	18604	18326	17385	17211	17193	17123	15143	14592	13318	13291	13283	12280	11993	11461	10814	10352	10293	9727	9542	8876	8267	8025	7843	7761	7758	7724	7636	7472	7470	7385	7272	7263	7060	6855	6711	6587	6521	6342	6261	6051	5996	5952	5896	5637	5606	5598	5504	5348	5303	5294