	seqr_1	seqr_2	seqr_3	seqr_4	seqr_5	seqr_6	seqr_7	seqr_8	seqr_9	seqr_10	seqr_11	seqr_12	seqr_13	seqr_14	seqr_15	seqr_16	seqr_17	seqr_18	seqr_19	seqr_20	seqr_21	seqr_22	seqr_23	seqr_24	seqr_25	seqr_26	seqr_27	seqr_28	seqr_29	seqr_30	seqr_31	seqr_32	seqr_33	seqr_34	seqr_35	seqr_36	seqr_37	seqr_38	seqr_39	seqr_40	seqr_41	seqr_42	seqr_43	seqr_44	seqr_45	seqr_46	seqr_47	seqr_48	seqr_49	seqr_50	seqr_51	seqr_52	seqr_53	seqr_54	seqr_55	seqr_56	seqr_57	seqr_58	seqr_59	seqr_60	seqr_61	seqr_62	seqr_63	seqr_64	seqr_65	seqr_66	seqr_67	seqr_68	seqr_69	seqr_70	seqr_71	seqr_72	seqr_73	seqr_74	seqr_75	seqr_76	seqr_77	seqr_78	seqr_79	seqr_80	seqr_81	seqr_82	seqr_83	seqr_84	seqr_85	seqr_86	seqr_87	seqr_88	seqr_89	seqr_90	seqr_91	seqr_92	seqr_93	seqr_94	seqr_95	seqr_96	seqr_97	seqr_98	seqr_99	seqr_100	seqr_101	seqr_102	seqr_103	seqr_104	seqr_105	seqr_106	seqr_107	seqr_108	seqr_109	seqr_110	seqr_111	seqr_112	seqr_113	seqr_114	seqr_115	seqr_116	seqr_117	seqr_118	seqr_119	seqr_120	seqr_121	seqr_122	seqr_123	seqr_124	seqr_125	seqr_126	seqr_127	seqr_128	seqr_129	seqr_130	seqr_131	seqr_132	seqr_133	seqr_134	seqr_135	seqr_136	seqr_137	seqr_138	seqr_139
100_nodd	3901	0	0	222	419	869	0	0	0	194	485	170	3	0	0	0	0	30	180	0	167	213	0	0	177	148	13	208	126	0	85	146	99	0	21	69	107	25	80	133	0	0	0	98	0	0	0	0	77	0	0	0	0	0	0	37	6	0	0	0	11	0	9	13	0	0	72	0	0	0	0	16	55	0	8	0	0	0	0	0	0	0	1	9	0	0	2	1	32	0	0	0	11	1	1	10	0	0	0	50	13	0	0	0	0	0	0	0	0	0	0	0	0	0	0	0	23	0	7	50	0	0	1	0	0	1	0	7	0	0	4	0	0	37	1	4	0	0	32	
101_nodd	42893	1	0	54	1355	1716	0	0	0	25	1572	1033	45	1	0	0	0	10	840	0	485	1227	0	0	70	593	31	472	293	141	55	582	20	0	1253	276	15	2	14	252	0	0	0	25	0	0	0	0	22	0	0	0	0	0	0	94	0	0	0	0	888	0	825	773	0	0	84	0	22	0	66	47	3	0	472	0	0	0	0	0	0	0	0	488	0	0	124	119	186	0	0	0	4	3	45	96	0	0	0	3	50	0	1	0	0	0	0	0	0	0	1	0	0	0	0	28	38	0	175	4	0	1	13	0	0	0	0	326	0	0	41	0	0	12	18	12	0	1589	41	
102_nodd	28329	0	0	2310	1347	3165	0	0	0	3862	1790	504	16	0	0	0	0	129	735	0	658	2048	0	1	1855	552	6	1138	564	22	807	486	771	0	680	267	1310	140	1282	413	0	0	0	714	0	0	0	0	378	0	0	0	0	0	0	136	93	0	0	0	360	0	322	252	0	0	612	0	9	0	19	113	343	0	173	0	0	0	0	0	0	0	0	242	0	0	38	3	159	0	0	0	209	42	8	110	0	0	0	213	60	0	0	0	0	0	0	0	0	0	2	0	0	0	0	5	67	3	69	226	0	0	3	0	0	0	0	133	0	0	15	0	0	347	5	516	0	1	142	
103_nodd	39668	1	1	1265	1601	2259	2	0	0	820	2076	728	1	0	0	0	1	76	892	0	648	1440	0	1	1299	802	39	1146	518	8	745	615	593	0	501	379	398	95	460	399	0	423	0	613	0	0	0	0	193	0	0	0	0	0	0	125	37	0	0	0	348	0	333	290	0	0	457	0	4	0	2	71	84	0	199	0	0	0	0	0	0	0	0	184	0	0	61	1	226	0	0	0	47	13	8	57	0	1	0	120	42	0	0	0	0	0	0	0	1	0	0	0	0	0	0	3	55	1	63	146	0	1	1	0	0	0	1	154	0	0	18	0	0	183	0	244	0	0	52	
104_nodd	16064	1	0	751	2619	6369	0	0	0	1573	2844	557	1	0	0	0	0	95	1139	0	1034	843	0	1	844	1036	35	749	953	3	320	672	303	0	105	412	640	43	599	784	0	0	0	320	0	0	0	0	518	0	0	0	0	0	0	156	45	0	0	0	52	0	59	58	0	0	248	0	1	0	1	160	437	0	31	0	0	0	0	0	0	0	0	41	0	0	16	2	215	0	0	0	67	4	6	55	0	0	0	292	42	0	0	0	0	0	0	0	0	0	0	0	0	0	0	0	266	1	18	217	0	0	4	0	0	0	0	33	0	0	9	0	0	131	0	50	0	2	223	
105_nodd	28656	0	0	1506	1313	3102	0	0	0	6617	1662	511	85	0	0	0	0	139	658	0	623	2570	0	1	2555	577	44	1125	596	43	410	401	402	0	591	265	1774	98	1830	407	0	0	0	720	0	0	0	0	494	0	0	0	0	0	0	124	118	0	0	0	168	0	222	173	0	0	606	0	20	0	44	160	477	0	129	0	0	0	0	0	0	0	0	163	0	0	21	3	158	0	0	0	310	8	10	56	0	0	0	239	53	0	0	0	0	0	0	0	0	0	0	0	0	0	0	21	36	1	50	101	0	26	7	0	0	0	0	95	0	0	14	0	0	383	23	27	0	650	178	
106_nodd	16652	0	0	5459	2018	6577	0	0	0	1776	2379	473	9	0	0	0	0	222	905	0	1157	1732	0	2	1889	680	8	971	1017	6	1414	601	1672	0	358	307	586	287	378	816	0	0	0	850	0	0	0	0	1060	0	0	0	0	0	0	180	254	0	0	0	248	0	140	130	0	0	498	0	2	0	14	260	320	0	69	0	0	0	0	0	0	0	0	107	0	0	17	8	149	0	0	0	82	152	28	172	0	0	0	761	62	0	0	0	0	0	0	0	0	0	0	0	0	0	0	2	162	3	46	1088	0	0	6	0	0	0	0	71	0	0	40	0	0	368	1	1070	0	0	466	
107_nodd	24805	1	0	730	2766	6240	0	0	0	1419	3221	793	30	0	0	0	0	105	1354	0	1248	1031	0	3	906	1128	88	975	929	14	262	927	316	0	348	428	650	57	605	769	0	0	0	347	0	1	0	0	346	0	0	0	0	0	0	212	35	0	0	0	206	0	187	188	0	0	304	0	4	0	15	117	328	0	106	0	0	0	0	0	0	0	0	116	0	0	39	12	216	0	0	0	82	7	31	109	0	0	0	223	34	0	0	0	0	0	0	0	0	0	1	0	0	0	0	7	210	0	50	139	0	0	12	0	0	0	0	96	0	0	21	0	0	124	7	8	0	0	166	
108_nodd	35497	0	1	174	3373	7959	0	0	0	2100	4174	916	0	0	0	0	0	124	1721	0	1542	1416	0	3	1356	1359	27	1326	1295	11	78	1042	58	0	452	593	887	27	903	961	0	0	0	421	0	0	0	0	500	0	0	0	0	0	0	237	36	0	0	0	202	0	270	214	0	0	468	1	1	0	3	161	447	0	124	0	0	0	0	0	0	0	0	150	0	0	47	7	288	0	0	0	135	1	25	130	0	0	0	241	62	0	1	0	0	0	0	0	0	0	0	0	0	0	0	2	272	2	69	27	0	0	4	0	0	0	0	110	0	0	16	0	0	121	1	12	0	0	203	
109_nodd	13195	0	0	389	1363	4213	0	0	0	3953	1232	267	10	0	0	0	0	74	643	0	557	985	0	5	790	510	196	496	474	9	96	367	101	0	321	165	1286	25	863	422	0	57	0	239	0	0	0	0	496	0	0	0	0	0	0	79	47	0	0	0	79	0	99	85	0	0	236	0	1	0	4	115	519	0	47	0	0	0	0	0	0	0	0	80	0	0	17	3	95	0	0	0	174	6	13	113	0	0	0	152	31	0	0	0	0	0	0	0	0	0	0	0	0	0	0	3	83	0	15	67	0	0	3	0	0	0	0	48	0	0	10	0	0	107	1	49	0	28	230	
10_nodd	3	5993	1926	255	718	361	12	176	1075	462	0	368	8075	0	0	256	126	89	0	248	93	0	151	2	0	0	340	0	41	3165	18	0	18	106	33	63	49	34	40	13	107	0	60	17	235	0	25	0	40	89	19	25	22	114	64	15	4	20	0	72	0	0	0	0	82	267	0	20	655	18	1081	30	6	11	95	11	0	109	43	0	34	42	12	8	0	6	55	744	0	71	1	78	39	32	152	0	1	19	146	8	19	0	0	6	6	34	102	14	19	7	76	8	8	195	40	548	0	1	69	1	4	1	184	2	0	2	46	0	35	22	54	0	69	0	262	10	0	0	13	
110_nodd	43308	0	0	183	2624	3460	0	0	0	1334	2901	1109	0	0	0	0	0	61	1508	0	884	1145	0	1	858	1248	414	1168	705	6	91	998	84	0	243	536	700	14	822	563	0	0	0	323	0	0	0	0	148	0	0	0	0	0	0	192	13	0	0	0	178	0	197	162	0	0	361	0	1	0	4	96	224	0	94	0	0	0	0	0	0	0	0	106	0	0	37	0	349	0	0	0	76	1	3	40	0	0	0	70	32	0	2	0	0	0	0	0	0	0	0	0	0	0	0	2	137	0	33	27	0	0	2	0	0	0	0	87	0	0	14	0	0	86	1	2	0	0	69	
111_nodd	72805	2	0	992	3283	7565	0	0	0	2205	3869	1016	31	0	2	0	0	53	1768	0	1355	1570	0	2	1009	1524	8	1164	1263	5	391	1219	402	0	648	558	901	59	896	821	0	1	0	390	0	0	0	0	252	0	0	0	0	0	0	199	18	0	0	0	321	0	329	303	0	0	441	0	8	0	17	82	228	1	194	0	0	0	0	0	0	0	0	192	0	0	54	4	329	0	0	0	132	9	15	113	0	0	0	106	19	0	1	0	0	0	0	0	0	0	0	0	0	0	0	4	123	0	64	94	1	0	6	0	0	0	0	176	0	0	20	1	0	192	6	137	0	0	120	
112_nodd	37721	0	0	498	3583	9869	0	1	1	1335	3946	865	0	1	0	0	0	56	1826	0	1522	948	0	0	536	1517	113	796	1349	23	215	1122	204	0	734	443	481	21	450	868	0	0	0	234	0	0	0	0	251	0	0	0	0	0	0	180	9	0	0	0	331	0	319	354	0	0	277	0	4	0	11	96	236	0	152	0	0	0	0	0	0	0	0	235	0	0	57	44	257	0	0	0	61	10	91	295	0	0	0	149	33	0	1	0	0	0	0	0	0	0	0	0	0	0	0	5	252	0	96	108	0	7	10	0	0	0	0	170	0	0	40	0	0	101	0	149	0	655	173	
113_nodd	37481	2	0	1540	2656	5372	0	0	0	1865	3441	842	123	0	0	0	0	83	1479	0	1116	1653	0	3	1322	1117	12	1365	874	46	644	974	643	0	422	432	815	110	849	718	0	0	0	567	0	0	0	0	368	0	0	0	0	0	0	173	42	0	0	0	267	0	221	215	0	0	428	0	31	0	64	143	302	0	135	0	0	0	0	0	0	0	0	131	0	0	50	6	274	0	0	0	88	26	33	71	0	0	0	213	41	0	3	0	0	0	0	0	0	0	1	0	0	0	0	30	173	1	34	265	0	0	30	0	0	0	0	100	0	0	19	0	0	214	36	16	0	0	167	
114_nodd	33811	2	0	541	1641	2869	0	0	0	944	2074	651	64	0	0	0	0	35	963	0	689	922	0	1	600	775	15	769	549	33	240	662	229	0	586	340	439	34	506	352	0	0	0	242	0	0	0	0	106	0	0	0	0	0	0	107	7	0	0	0	295	0	347	345	0	0	277	0	13	0	43	51	124	0	217	0	0	0	0	0	0	0	0	239	0	0	73	3	196	0	0	0	72	5	12	88	0	0	0	73	24	0	0	0	0	0	0	0	0	0	0	0	0	0	0	11	82	0	60	57	0	0	8	0	0	0	0	148	0	0	12	0	0	112	26	2	0	1	61	
115_nodd	47027	0	0	141	4820	8213	0	0	0	746	5468	1463	0	0	0	0	0	55	2502	0	1841	810	0	3	591	1922	36	1436	1323	37	83	1553	76	0	921	835	348	26	467	1025	0	180	0	236	0	0	0	0	187	0	0	0	0	0	1	346	10	0	0	0	465	0	591	663	0	0	243	0	4	0	20	87	195	0	327	0	0	0	0	0	0	0	0	324	0	0	104	11	421	0	0	0	48	2	61	282	0	0	0	121	33	0	1	0	0	0	0	0	0	0	0	0	0	0	0	9	357	0	143	36	0	0	10	0	0	0	0	261	0	0	63	0	0	62	4	7	0	0	116	
116_nodd	11315	0	0	511	1293	3483	0	0	0	528	1587	293	5	0	0	0	0	45	525	0	521	363	0	1	380	490	14	386	471	13	206	364	152	0	429	192	179	26	174	381	0	176	0	175	0	0	0	0	191	0	0	0	0	0	0	66	12	0	0	0	120	0	161	154	0	0	126	0	2	0	8	46	100	0	110	0	0	0	0	0	0	0	0	113	1	0	17	5	86	0	0	0	25	13	25	166	0	0	0	135	11	0	2	0	0	0	0	0	0	0	4	0	0	0	0	3	87	0	42	104	0	0	3	0	0	0	0	81	0	0	25	0	0	56	2	97	0	0	70	
117_nodd	13076	0	0	4	1920	3772	1	0	1	134	2095	651	0	0	0	0	0	10	855	0	684	102	0	1	78	695	331	434	512	64	4	573	0	0	669	294	52	3	60	362	0	0	0	34	0	0	0	0	33	0	0	0	0	0	0	94	0	0	0	0	214	0	296	392	0	0	54	0	14	0	19	16	41	0	204	0	0	0	0	0	0	0	0	169	0	0	43	11	134	0	0	0	8	0	58	270	0	0	0	21	7	0	2	0	0	0	0	0	0	0	1	0	0	0	0	7	179	0	152	1	0	0	8	0	0	0	0	153	0	0	43	0	0	13	3	0	0	0	25	
118_nodd	14118	1	0	493	1717	2981	1	0	0	765	2118	706	6	0	0	0	0	99	793	0	660	798	0	5	653	614	326	793	473	133	393	522	229	0	858	380	334	35	402	479	0	12	0	294	0	0	0	0	269	0	0	0	0	0	0	135	28	0	0	0	404	0	435	419	0	0	201	0	26	0	47	99	180	0	327	0	0	0	0	0	1	0	0	223	0	0	58	18	144	1	0	0	41	26	37	349	0	0	0	163	65	0	2	0	0	0	0	0	0	0	0	0	0	0	0	18	143	2	186	153	0	22	26	0	0	0	0	230	0	0	57	0	0	78	4	178	0	317	100	
119_nodd	12590	1	0	361	2365	8298	1	0	0	357	2893	453	0	0	0	0	0	39	975	0	991	414	0	4	273	720	30	479	727	180	132	675	142	0	730	250	157	15	111	771	0	0	0	114	0	0	0	0	237	0	0	0	0	0	0	119	10	0	0	0	239	0	236	244	0	0	77	0	32	0	27	96	146	0	162	0	0	0	0	0	0	0	0	114	0	0	41	21	111	0	0	0	14	14	140	655	0	0	0	118	20	0	2	0	0	0	0	0	0	0	0	0	0	0	0	14	267	0	116	166	0	13	20	0	0	1	0	143	0	0	53	0	0	34	1	107	0	786	224	
11_nodd	2	4313	1500	240	6057	576	3	278	24	10	0	1309	1350	0	252	241	190	37	5	259	118	0	186	9	1	0	735	0	42	1541	84	0	60	44	11	491	2	19	4	78	88	0	14	60	1312	1	56	0	95	129	28	9	35	68	68	32	0	9	0	79	0	0	0	1	234	125	0	40	476	17	372	160	0	17	202	26	0	3	44	0	0	0	16	6	9	11	8	379	1	136	0	14	0	17	491	58	0	96	208	7	35	0	9	8	23	34	345	1	25	20	75	27	17	67	26	159	1	2	307	9	1	0	382	16	0	0	80	0	62	53	327	0	328	0	152	8	0	0	13	
120_nodd	6138	0	0	327	1660	2914	0	0	0	454	1573	429	1	0	0	0	0	90	629	0	620	346	0	0	452	471	20	571	488	10	195	374	154	0	163	306	204	36	241	599	0	0	0	226	0	0	0	0	306	0	0	0	0	1	0	144	39	0	0	0	75	0	67	100	0	0	124	0	1	0	4	130	184	0	56	0	0	0	0	0	0	0	0	44	0	0	17	6	100	0	0	0	30	6	23	82	0	0	0	169	32	0	0	0	0	0	0	0	0	0	0	0	0	0	0	4	232	0	47	148	0	0	5	0	0	0	0	37	0	0	36	0	0	50	1	39	0	0	103	
121_nodd	3255	0	0	279	358	471	1	0	0	89	390	152	3	0	0	0	0	20	183	0	135	203	0	0	239	125	10	266	81	3	194	130	168	0	41	66	44	20	57	133	0	8	0	147	0	0	0	0	53	0	0	0	0	0	0	33	16	0	0	0	34	0	22	31	0	0	83	0	1	0	1	29	21	0	18	0	0	0	0	0	0	0	0	9	0	0	1	3	33	0	0	0	6	2	5	19	0	0	0	59	13	0	0	0	0	0	0	0	0	0	0	0	0	0	1	1	30	0	10	76	0	0	2	0	0	0	0	18	0	0	9	0	0	29	0	67	0	0	16	
122_nodd	4013	1	0	56	971	442	0	0	0	111	299	259	1	0	0	0	0	16	258	0	105	107	0	1	88	206	3	184	47	15	43	104	25	0	36	181	53	10	93	114	0	7	0	65	0	0	0	0	34	0	0	0	0	0	0	26	4	0	0	0	30	0	24	27	0	0	56	0	0	0	6	37	21	0	22	0	0	0	0	0	0	0	0	8	0	0	4	0	41	0	0	0	7	3	3	6	0	0	0	10	9	0	0	0	0	0	0	0	0	0	0	0	0	0	0	1	27	0	24	13	0	0	3	0	0	0	0	15	0	0	8	0	0	10	1	8	0	0	6	
123_nodd	3199	1	0	11	101	153	2	0	0	366	154	76	1	0	1	0	1	13	39	0	34	301	0	0	237	23	3	184	23	9	4	50	3	0	34	20	160	3	219	37	0	0	0	68	0	0	0	0	13	0	0	0	0	0	0	22	11	0	1	0	24	0	27	31	0	1	71	0	0	0	2	16	27	0	18	0	0	0	0	0	0	0	0	16	0	0	5	0	11	0	1	0	27	0	0	2	0	0	0	11	10	0	0	0	0	0	0	0	0	0	0	0	0	0	0	0	5	0	9	0	0	0	0	0	0	0	0	7	0	0	0	0	0	25	0	0	0	52	4	
124_nodd	1373	0	0	83	167	433	1	0	0	144	240	59	3	0	0	0	0	11	75	0	66	87	0	0	84	70	7	94	50	0	35	69	32	1	49	32	59	4	60	57	0	0	0	41	0	0	0	0	44	0	0	0	0	0	0	6	4	0	0	0	18	0	22	23	0	0	31	0	3	0	1	13	35	0	17	0	0	0	0	0	0	0	0	12	0	0	9	4	13	0	0	0	2	2	0	12	0	0	0	21	5	0	0	0	0	0	0	0	0	0	0	0	0	0	0	0	14	0	9	21	0	1	0	0	0	0	0	6	0	0	4	0	0	13	0	4	0	4	18	
125_nodd	11853	2	1	323	865	1112	0	0	0	250	1077	341	1	0	0	1	1	28	434	0	283	372	0	1	319	385	3	459	205	4	269	327	159	0	229	172	111	17	157	183	0	0	0	180	0	0	0	0	66	0	0	0	0	0	0	75	10	0	0	0	158	0	130	130	0	0	131	0	2	0	3	41	49	0	95	0	0	0	0	0	0	0	0	93	0	1	20	0	90	0	0	0	20	10	4	47	0	0	0	56	8	0	0	0	0	0	0	0	0	0	1	0	0	0	0	1	48	0	27	90	0	0	0	0	0	0	0	72	0	0	12	0	0	44	0	101	0	0	13	
126_nodd	20380	3	1	85	1184	1324	5	0	0	422	1553	581	0	1	0	0	0	24	662	0	362	527	0	1	395	519	29	770	238	13	95	488	32	0	442	282	205	12	409	205	0	0	0	189	0	0	0	0	62	1	0	0	0	0	0	102	9	0	0	0	306	0	321	356	0	0	144	0	1	0	3	39	75	0	224	0	0	0	0	0	0	0	0	188	0	0	60	4	156	0	0	0	35	3	4	60	0	0	0	41	17	0	0	0	0	0	0	0	0	0	1	0	0	0	0	2	53	1	77	14	0	0	3	0	0	0	0	151	0	0	27	0	0	38	1	16	0	0	19	
127_nodd	10588	3	0	1010	1460	4023	4	0	0	668	1729	345	114	0	0	0	0	72	574	0	604	541	0	2	591	455	93	515	534	51	403	406	314	0	255	219	182	69	203	464	0	1	0	349	0	0	0	1	326	0	0	0	1	0	0	106	34	0	2	0	152	0	75	107	0	1	188	0	25	0	36	111	135	0	85	0	0	0	0	0	0	0	0	53	0	0	14	6	87	0	0	0	40	20	27	119	0	0	0	241	28	0	0	0	0	0	0	0	0	0	0	0	0	0	0	25	133	2	45	285	0	0	18	0	0	0	0	43	0	0	40	0	0	82	26	334	0	1	125	
128_nodd	16630	0	0	245	1651	1874	0	0	0	302	1781	709	89	0	0	0	0	43	803	0	504	459	0	2	362	646	95	707	389	76	204	480	125	0	609	360	149	28	231	316	0	0	0	183	0	0	0	0	81	0	0	0	0	0	0	133	9	0	0	0	393	0	401	427	0	0	155	0	28	0	72	60	63	0	270	0	0	0	0	0	0	0	0	226	0	0	75	12	167	0	0	0	11	6	31	105	0	0	0	51	21	0	2	0	0	0	0	0	0	0	0	0	0	0	0	30	102	4	128	56	0	0	20	0	0	0	0	177	0	0	50	0	0	37	39	15	0	3	39	
129_nodd	30529	1	0	937	1206	1322	4	0	0	380	1865	945	0	2	1	0	0	86	789	0	503	1378	1	0	1027	662	31	1341	306	42	1099	591	542	0	1353	383	220	90	310	272	0	96	0	757	0	0	0	0	104	0	0	0	0	0	0	151	41	0	0	0	858	0	976	932	0	0	505	0	4	0	15	60	60	0	575	0	0	0	0	0	0	0	0	519	0	0	149	6	280	0	0	0	33	48	8	136	0	1	0	127	50	0	1	0	0	0	0	1	0	0	1	0	0	0	0	10	57	5	205	171	0	0	4	0	0	0	0	430	0	0	34	1	0	144	0	417	0	0	33	
12_nodd	5	10657	3482	3	1623	356	3	2089	817	577	3	861	407	0	0	757	859	94	0	691	986	0	592	2931	0	0	13	0	291	150	0	1	1	124	20	232	94	20	52	39	278	0	55	28	672	1	486	0	38	276	286	22	0	224	157	84	2	11	0	184	0	0	0	0	179	57	0	238	71	0	134	42	82	188	12	166	0	127	151	0	18	21	142	2	0	64	75	128	0	212	1	151	49	0	41	5	1	176	22	33	33	0	434	101	124	101	189	17	172	79	0	129	140	54	80	50	2	0	11	1	10	0	14	77	0	1	153	0	11	45	59	0	174	0	21	0	1	0	16	
130_nodd	18242	2	0	2	1515	2501	0	0	0	828	2215	635	0	0	0	0	0	53	863	0	566	488	0	1	527	657	11	752	467	5	3	526	2	0	259	339	326	3	502	364	0	0	0	186	0	0	1	0	124	0	0	0	0	0	0	127	7	0	0	0	120	0	171	178	0	0	186	0	2	0	6	69	180	0	96	0	0	0	0	0	0	0	0	81	0	0	35	4	152	0	0	0	65	0	8	57	0	0	0	73	19	0	3	0	0	0	0	0	0	0	0	0	0	0	0	0	120	2	56	0	0	0	0	0	0	0	0	91	0	0	8	0	0	67	0	0	0	0	56	
131_nodd	51	7370	953	1048	0	2	6996	0	0	98	0	21	3	2086	1619	478	1	551	0	259	0	17	400	0	8	1	4	2	0	0	4	1	13	284	22	0	2	235	0	0	400	373	348	4	0	803	0	263	1	111	0	488	131	117	86	36	33	466	439	58	4	266	1	0	19	357	0	0	1	95	3	0	0	0	0	0	487	0	47	210	0	0	0	13	287	237	0	4	0	3	121	19	17	51	0	0	251	82	8	1	15	138	0	0	0	48	2	125	0	0	7	0	0	80	44	1	0	108	0	0	36	121	0	0	87	214	11	0	134	42	0	257	2	2	0	1	0	0	0	
132_nodd	2432	3926	374	2892	0	1	2681	0	0	4	2	754	0	626	369	193	0	809	0	84	0	620	155	0	694	0	0	101	1	0	355	1	353	422	27	0	1	509	1	0	142	2	395	179	0	186	0	214	0	50	0	194	337	33	54	126	125	114	107	25	88	274	23	9	240	98	52	0	0	225	0	0	0	0	3	0	99	0	20	67	0	0	0	18	89	56	0	0	4	68	100	6	0	114	0	0	56	108	2	0	245	193	0	0	0	9	0	112	0	0	31	0	0	44	35	0	0	109	5	1	532	172	0	0	79	41	48	10	26	216	0	51	37	151	0	2	0	0	0	
133_nodd	8	9719	1014	7082	0	3	6389	0	0	3105	1	1	7	3425	1370	443	0	2171	0	239	0	0	320	0	6	0	0	0	0	41	0	1	29	1106	38	0	9	1220	0	0	308	228	1123	0	0	782	0	663	1	111	0	588	600	76	101	43	1127	529	566	51	0	764	0	0	0	257	0	0	3	434	19	0	0	0	0	0	421	0	34	46	0	0	0	16	199	246	0	7	0	3	280	20	386	229	0	0	169	194	8	0	3	519	0	0	0	29	9	337	0	0	58	0	0	145	49	9	0	543	0	0	5	466	0	0	236	214	15	0	80	15	0	157	0	3	0	3	0	0	0	
134_nodd	155	5544	510	2764	0	0	3154	0	0	156	1	46	0	2213	561	228	0	760	0	163	0	45	185	0	41	0	0	3	0	0	19	2	40	428	14	1	1	498	1	0	166	183	416	14	0	609	0	433	0	58	0	306	323	51	53	22	109	381	409	25	8	287	1	0	28	144	3	0	0	199	0	0	0	0	0	0	272	0	28	0	0	0	0	6	101	180	0	0	1	9	201	10	12	120	0	0	110	82	1	0	38	240	0	0	0	13	1	126	0	0	18	0	0	94	42	0	0	208	0	0	64	203	0	0	160	151	8	0	32	25	0	71	1	12	0	0	0	0	0	
135_nodd	348	5814	500	1616	0	5	3924	0	0	527	1	149	4	1438	515	281	0	792	0	176	0	95	234	0	81	0	8	5	0	0	46	0	53	375	14	1	11	371	16	0	180	0	398	24	0	519	0	351	0	58	0	368	233	65	74	41	196	344	314	38	12	327	3	1	50	180	3	0	1	137	1	0	0	0	0	0	247	0	33	26	0	0	0	11	99	179	0	2	0	28	142	15	78	73	0	0	97	104	11	1	77	183	0	0	0	17	3	133	0	0	7	0	0	93	36	2	0	149	1	0	143	138	0	0	138	105	15	3	40	74	0	63	6	25	0	1	0	0	0	
136_nodd	924	5076	515	1632	0	16	2860	0	0	316	2	270	8	729	405	185	0	583	0	116	9	193	128	0	173	1	15	11	2	0	75	1	75	285	14	2	13	218	9	0	116	661	290	42	4	167	0	537	5	66	0	209	175	37	50	36	59	98	94	18	28	186	0	0	84	95	21	0	0	89	2	0	0	0	1	0	82	0	17	0	0	0	0	6	72	42	0	1	1	47	229	6	35	53	0	1	79	56	13	3	71	122	0	0	0	24	5	84	0	0	10	0	0	102	35	0	0	61	1	3	193	69	0	1	169	32	33	1	32	93	0	28	17	22	0	1	0	0	2	
137_nodd	111	3910	356	577	0	2	1284	0	0	580	0	61	1	477	166	261	1	530	0	199	1	30	211	0	37	0	1	2	0	0	10	0	10	410	8	0	20	196	11	0	185	184	335	9	0	226	0	20	0	56	0	281	140	71	47	28	70	232	174	37	9	139	1	0	30	107	3	0	0	86	3	1	0	0	0	0	103	0	31	115	0	0	0	5	60	149	1	4	1	19	26	6	125	34	0	0	66	179	3	0	40	51	0	0	0	36	1	100	0	0	3	0	0	15	23	2	0	100	1	0	80	55	0	0	6	74	14	1	34	30	0	19	7	8	0	10	0	0	0	
138_nodd	40	1296	153	44	0	1	890	0	0	6	1	22	0	102	92	103	0	38	0	63	0	9	58	0	4	0	0	0	0	0	0	0	1	22	3	0	1	19	1	0	85	1	13	1	0	65	0	88	0	22	0	83	14	39	20	14	0	54	29	12	4	14	0	0	10	41	0	0	0	6	0	0	0	0	0	0	37	0	12	12	0	0	0	0	19	27	0	0	0	3	48	1	1	0	0	0	48	9	0	0	10	10	0	0	0	7	1	6	0	0	0	0	0	38	12	0	0	2	1	0	24	6	0	0	41	8	2	0	13	18	0	19	2	1	0	0	0	0	0	
139_nodd	456	9685	2244	2287	1	1	7047	0	0	965	0	184	0	990	2576	745	0	935	0	419	1	109	422	0	62	3	30	14	1	1	30	0	70	441	207	0	22	497	11	0	464	534	505	18	0	251	0	477	0	199	0	381	195	138	163	252	75	149	160	85	12	399	4	5	63	316	4	0	0	138	0	0	0	0	1	0	130	0	79	0	0	0	0	76	260	72	0	0	1	23	186	20	116	110	0	0	305	93	16	0	49	197	0	0	0	61	12	136	0	0	38	0	0	107	77	0	0	53	2	0	123	109	0	0	107	78	34	4	207	98	0	204	12	22	0	195	0	0	0	
13_nodd	6	3703	822	177	205	4	7	1551	453	16	0	314	1	0	9	280	310	58	0	247	27	0	303	29	0	0	91	0	10	1	20	0	33	64	1	25	2	25	2	3	140	0	39	16	110	0	416	0	9	80	299	10	43	86	24	23	3	0	0	57	0	0	0	0	123	14	0	241	1	40	2	7	0	181	0	197	0	102	63	0	12	12	96	0	3	49	51	3	0	78	0	98	4	14	0	3	0	79	69	0	8	0	13	61	166	33	52	18	117	33	1	164	147	1	29	0	0	0	0	1	11	1	0	52	0	0	45	0	1	22	6	0	37	0	0	1	1	0	0	
140_nodd	4	3383	589	856	0	2	2560	0	0	134	0	4	1	1293	941	331	0	456	0	176	0	0	299	0	1	0	1	0	0	6	0	0	2	254	24	0	0	222	0	0	264	472	275	0	0	439	0	220	0	62	0	184	119	50	85	31	52	317	316	33	0	190	0	0	0	125	0	0	0	99	3	0	0	0	0	0	258	0	37	65	0	0	0	14	196	136	0	6	0	2	119	5	33	53	0	0	137	47	6	0	1	107	0	0	0	17	4	57	0	0	40	0	0	74	43	1	0	142	0	0	10	76	0	0	96	177	13	0	129	8	0	144	0	1	0	4	0	0	0	
141_nodd	89	9403	2148	519	179	2	7415	0	0	105	1	302	8	3870	3359	589	0	240	1	332	0	22	456	0	2	0	208	0	0	24	10	0	5	95	45	37	2	95	4	2	405	185	108	5	48	830	0	1124	8	153	0	328	36	142	170	191	3	493	527	88	4	91	0	0	69	262	0	0	2	28	12	34	0	0	1	0	472	0	73	1	0	0	0	24	319	156	0	4	0	23	396	29	17	16	1	0	313	55	81	0	73	57	0	0	0	54	40	35	0	0	8	0	0	181	60	4	0	68	14	0	31	40	0	0	259	281	35	1	222	110	8	300	27	1	0	1	0	0	0	
142_nodd	180	6441	816	2327	0	2	4587	0	0	659	0	66	7	1486	907	346	0	1031	0	218	0	53	254	0	79	0	11	2	0	12	22	0	25	521	21	0	8	505	4	0	293	1190	588	19	0	488	0	497	0	102	0	342	260	79	117	30	126	297	247	51	8	422	1	1	37	231	7	0	0	170	6	0	0	0	0	0	245	0	45	80	0	0	0	11	185	104	0	3	0	10	242	18	89	90	0	0	165	96	12	0	38	208	0	0	0	39	13	189	0	0	50	0	0	121	53	4	0	196	1	0	65	137	0	0	165	127	9	0	88	33	0	116	4	7	0	3	0	0	0	
143_nodd	150	10028	1400	363	0	2	7601	0	0	2	1	108	0	2047	1670	815	0	569	0	569	2	41	665	0	17	0	0	10	1	0	2	0	25	184	18	1	1	112	0	1	597	199	261	2	0	948	0	1300	1	177	0	606	80	196	160	539	12	672	563	99	12	165	0	0	50	443	1	0	0	46	2	0	0	0	0	0	593	0	95	80	0	0	0	10	325	319	0	1	0	46	810	33	0	26	0	0	452	166	7	0	39	61	0	0	0	87	4	76	0	0	9	0	0	389	74	0	0	82	1	0	80	45	0	0	485	275	42	1	220	189	0	256	9	2	0	1	0	1	0	
144_nodd	243	8901	1259	2572	2	1	4817	0	0	28	2	106	4	2142	1506	604	0	1043	0	296	0	76	427	0	55	1	3	8	0	2	42	0	85	519	101	0	2	595	0	0	368	472	480	24	0	619	0	28	0	157	0	429	316	117	124	135	93	430	385	72	17	302	3	3	69	207	5	0	0	248	3	0	0	0	1	0	242	0	90	629	0	0	0	56	265	171	1	4	1	26	20	21	3	109	0	0	163	141	81	0	73	187	0	0	0	41	26	172	0	0	14	0	0	35	70	0	0	179	1	0	91	170	0	0	19	181	34	2	152	86	0	128	4	24	0	4	0	0	0	
145_nodd	529	6239	596	2529	0	0	4219	0	0	407	0	177	0	1323	758	318	0	1046	0	177	0	182	258	0	141	0	1	11	0	2	46	0	88	564	44	1	17	539	15	0	223	1252	567	41	1	412	0	295	0	76	0	334	256	64	84	85	146	254	246	41	33	389	2	0	54	182	23	0	0	199	2	0	0	0	1	0	206	0	29	519	0	0	0	26	175	102	0	1	1	27	142	13	86	121	0	0	111	122	1	0	128	189	0	0	0	24	4	176	0	0	10	0	0	74	47	1	0	154	4	0	165	170	0	0	118	93	23	3	49	109	0	97	9	24	0	4	0	0	0	
146_nodd	889	10939	1481	2915	0	0	3226	0	0	382	1	332	32	4262	1453	830	0	1134	0	541	0	281	569	0	271	1	7	34	1	15	114	0	157	699	69	1	22	679	15	0	433	728	602	72	0	1174	0	140	0	191	0	529	432	153	175	220	128	1013	1109	103	54	234	6	2	137	177	19	0	5	299	31	0	0	0	4	0	384	0	95	77	0	0	0	39	328	413	1	21	1	89	90	16	60	175	0	0	158	245	11	0	191	154	0	0	0	75	13	196	0	0	15	0	0	91	103	7	0	456	5	0	400	178	0	0	61	465	45	6	182	122	0	147	26	48	0	8	0	0	0	
147_nodd	60	3530	509	6840	0	1	3657	1	0	3	0	21	8	1973	990	160	0	1023	0	68	0	13	138	0	21	0	0	1	0	2	17	0	55	361	9	0	0	845	0	0	133	245	481	2	0	361	0	301	0	51	0	222	347	23	61	66	182	149	228	14	2	414	1	0	3	96	2	0	1	243	3	0	1	0	1	0	210	0	16	85	0	0	0	4	130	60	0	1	0	2	71	3	3	172	0	0	67	50	3	0	9	400	0	0	0	9	5	118	0	0	114	0	0	42	27	4	0	316	0	0	9	324	0	0	116	118	5	2	49	13	0	112	0	7	0	3	0	0	0	
148_nodd	147	12099	2142	1720	1	1	3690	0	0	14	0	81	5	2574	1326	981	0	611	0	642	0	36	633	0	15	1	1	1	0	2	7	0	29	411	27	1	0	394	0	0	459	83	333	7	0	796	0	115	0	256	0	495	313	271	242	103	40	681	630	163	14	136	2	0	44	239	1	0	0	149	0	0	0	0	0	0	255	0	139	0	0	0	0	15	234	290	0	0	0	19	107	23	2	110	0	0	231	83	38	0	24	94	0	0	0	117	15	108	0	0	53	0	0	93	122	0	0	149	0	0	87	94	0	0	55	264	20	2	196	54	0	93	4	3	0	1	0	0	0	
149_nodd	95	7022	1185	4260	0	0	4960	0	17	1227	0	52	10	3015	2242	559	0	1299	0	240	0	39	395	0	33	0	18	0	0	7	16	0	57	623	54	0	11	824	3	0	337	1144	687	12	0	812	0	126	0	170	0	430	358	88	142	36	191	510	541	61	5	427	1	2	17	220	3	0	4	273	11	0	0	0	0	0	376	3	51	0	5	8	0	24	342	177	2	8	0	8	75	10	181	193	0	0	183	107	20	0	38	276	0	0	0	42	6	202	0	0	110	0	0	59	67	8	0	400	1	0	41	265	0	0	64	267	18	0	194	32	0	241	3	15	0	8	0	0	0	
14_nodd	10	1175	120	6549	1598	16	38	0	1637	1	0	828	89	0	0	13	0	550	8	8	7	5	8	0	5	0	1371	2	6	24	1784	0	1556	192	9	315	0	359	0	172	7	0	134	630	134	0	0	0	540	16	0	49	246	4	11	172	331	0	0	4	1	13	0	0	89	8	4	0	28	269	41	384	0	0	8	0	0	68	2	236	523	367	0	4	0	0	144	12	1	41	0	55	0	133	10	0	0	61	117	3	208	15	0	0	0	2	42	38	0	0	49	0	0	4	12	25	0	2	21	12	0	106	6	0	0	0	20	0	1	26	36	0	23	11	28	24	0	0	4	
150_nodd	302	8091	1740	837	0	0	4312	0	0	546	0	134	8	1539	1609	838	0	727	0	504	0	95	532	0	78	0	1	9	0	4	16	0	35	411	51	0	30	221	12	0	445	610	413	14	0	495	0	614	0	182	0	381	126	178	167	148	48	440	409	118	17	250	5	0	59	228	4	0	1	83	6	0	0	0	2	0	268	0	97	0	0	0	0	20	259	203	0	5	2	30	407	12	107	48	0	0	320	138	5	0	74	75	0	0	0	69	6	117	0	0	41	0	0	267	55	1	0	130	2	0	148	48	0	0	208	219	30	2	242	101	0	170	15	7	1	1	0	0	0	
151_nodd	306	4561	948	931	1	0	4809	0	0	2	0	263	13	845	1291	308	0	362	0	181	1	76	225	0	32	0	172	17	0	0	18	0	68	153	57	0	0	155	0	0	227	1	166	23	0	231	0	1951	0	70	0	202	74	59	73	517	15	130	116	35	14	153	4	4	72	196	2	0	1	61	3	0	0	0	5	0	193	0	37	79	0	0	0	19	136	53	0	2	0	24	643	7	0	36	0	0	255	61	82	0	77	105	0	0	0	18	17	57	0	0	23	0	0	236	21	2	0	33	13	0	91	72	0	0	456	61	22	2	75	145	0	147	27	6	0	2	0	0	1	
152_nodd	65	5385	1172	364	0	0	1933	0	0	39	0	21	0	564	569	526	0	269	0	387	0	13	348	0	6	0	0	0	0	0	3	0	5	168	4	0	1	93	0	0	290	282	162	3	1	221	0	155	0	131	0	175	56	158	108	46	19	188	164	92	3	77	0	0	10	96	2	0	0	42	0	0	0	0	1	0	85	0	46	0	0	0	0	3	109	101	0	0	0	9	116	12	8	12	0	0	141	36	0	0	13	34	0	0	0	69	0	49	0	0	18	0	0	80	58	0	0	40	0	0	44	17	0	0	62	89	13	0	135	19	0	42	1	2	0	0	0	0	0	
153_nodd	114	3013	766	2147	0	0	2412	0	0	0	0	119	11	951	1305	353	0	546	0	145	0	42	223	0	43	2	98	4	0	6	46	1	60	265	42	0	0	462	0	0	185	21	289	23	0	242	0	383	0	74	0	183	226	50	80	54	91	156	176	47	4	217	11	3	39	150	2	0	0	153	7	0	0	0	2	0	149	0	41	166	0	0	0	28	156	64	0	7	1	16	148	3	1	106	0	0	141	62	49	0	65	201	0	0	0	21	12	99	0	0	127	0	0	58	45	3	0	113	8	0	48	153	0	0	144	99	15	1	133	53	0	143	15	17	0	4	0	0	0	
154_nodd	542	6813	1125	1684	23	333	4518	0	0	233	36	270	0	1626	1603	570	0	990	5	345	352	144	400	0	131	8	25	24	90	22	62	6	105	437	43	8	24	432	13	21	378	797	457	36	173	552	0	370	103	132	0	362	196	106	133	344	110	354	394	78	24	322	6	5	113	269	7	0	0	148	11	11	17	0	4	0	243	0	65	235	0	0	0	20	318	179	0	22	3	76	189	16	53	104	3	35	213	183	28	42	139	161	0	0	0	46	76	154	0	0	59	0	0	117	49	5	0	170	7	62	169	146	1	0	132	188	45	1	164	197	2	184	16	25	0	2	0	0	52	
155_nodd	1	6460	767	810	0	0	4224	1	0	223	0	24	0	1855	1101	541	0	483	0	283	1	0	395	0	1	0	8	0	0	8	2	0	8	290	17	0	2	269	1	1	403	0	293	3	0	802	0	4	0	102	0	377	153	127	111	25	27	574	546	58	0	175	0	0	3	296	0	0	0	98	4	0	0	0	0	0	428	0	71	204	0	0	0	15	271	279	0	2	0	5	5	16	71	53	0	0	197	99	20	0	10	98	0	0	0	63	14	109	0	0	11	0	0	35	49	0	0	140	0	0	11	98	0	0	6	246	16	0	144	13	0	152	0	3	0	1	0	0	0	
156_nodd	477	7328	1140	4297	0	0	5568	33	0	502	0	149	4	1721	1643	477	19	995	0	219	0	134	312	0	121	1	35	12	0	13	88	0	196	545	93	0	11	854	13	0	283	184	572	41	0	407	5	759	0	137	4	353	357	89	105	113	138	248	263	60	16	448	1	0	93	227	10	6	2	281	6	0	0	4	2	9	224	0	56	169	0	0	2	34	267	105	0	4	0	30	292	11	76	164	0	0	181	89	114	0	66	337	0	3	2	21	26	181	3	0	71	1	2	143	69	4	0	159	4	0	120	280	0	0	243	145	36	6	123	112	0	185	5	30	0	2	0	0	0	
157_nodd	619	8828	1179	2120	0	0	4251	0	0	1461	0	314	13	2065	1244	537	0	1087	0	302	0	195	368	0	187	1	143	13	1	7	74	0	106	670	75	1	69	451	39	0	327	1473	610	67	0	556	0	291	0	141	0	399	277	106	124	131	178	381	444	65	38	340	4	2	102	206	10	0	2	167	12	0	0	0	0	0	213	0	50	1	0	0	0	24	242	152	0	6	0	62	176	18	232	99	0	0	172	136	80	0	144	137	0	0	0	46	19	172	0	0	28	0	0	88	64	4	0	233	8	0	220	115	0	0	245	187	33	2	127	135	0	116	26	30	0	36	0	0	0	
158_nodd	994	7051	1047	4545	1	1	7145	0	0	821	0	300	4	1057	1489	365	1	1553	0	188	1	300	267	0	295	3	29	14	0	0	115	1	162	690	81	2	20	731	19	0	242	1828	796	89	0	236	0	1889	0	123	0	407	341	70	121	100	1118	148	148	38	40	867	6	2	115	262	20	0	0	246	1	0	0	0	2	0	181	0	42	0	0	0	0	27	227	60	1	1	3	34	570	8	82	154	0	6	234	105	15	0	141	430	0	0	0	30	8	253	0	0	71	0	0	257	58	1	0	147	7	0	216	246	0	0	544	62	33	3	96	158	0	167	17	62	0	238	0	0	0	
159_nodd	726	11401	2826	3362	0	0	4564	3	2	907	0	233	50	1291	1557	930	0	1279	0	704	0	195	503	0	189	0	3	7	0	33	84	0	94	678	116	0	28	570	26	0	388	948	666	44	0	342	0	491	0	262	0	512	408	208	258	86	362	291	282	492	36	324	9	4	92	236	17	0	4	285	16	0	0	0	1	0	111	0	140	110	0	0	0	35	219	119	1	24	1	43	270	25	123	191	0	0	303	156	7	0	96	185	0	0	0	101	8	208	0	1	137	0	1	174	136	9	0	140	2	0	232	148	0	0	157	133	35	4	224	91	0	114	29	39	0	3	0	0	0	
15_nodd	8	5184	1779	5003	711	147	53	54	17236	1397	0	958	265	0	1	195	50	385	2	180	28	1	114	0	4	0	125	1	37	526	1330	0	1056	392	205	202	287	237	363	36	75	616	159	276	144	0	7	0	97	180	9	103	332	57	166	139	130	7	0	54	0	6	0	3	348	65	3	1	70	209	230	82	8	2	152	1	0	900	28	67	1841	1659	2	37	0	5	690	117	0	155	0	519	64	171	22	0	1	46	39	24	112	4	0	1	0	21	42	65	3	2	200	3	3	24	63	252	0	1	39	33	16	8	25	0	0	1	105	0	22	57	21	0	194	13	62	26	0	0	11	
160_nodd	315	5035	1045	2072	0	0	5089	1	0	1739	0	106	5	726	1882	391	0	884	0	181	0	94	331	0	101	1	21	2	0	73	38	0	46	344	31	0	35	397	28	0	302	209	450	29	0	232	0	134	0	86	0	278	163	74	123	26	80	93	106	51	17	326	2	1	53	216	4	0	5	124	40	0	0	0	2	0	104	0	41	94	0	0	0	14	247	66	0	52	0	16	41	6	240	89	0	25	176	66	12	0	44	173	0	0	0	24	5	129	0	0	92	0	0	43	53	16	0	77	2	0	80	121	0	0	52	77	19	8	148	64	0	190	13	13	0	2	0	0	0	
161_nodd	2958	6214	1713	2168	66	374	2765	0	0	2016	96	667	1	977	1458	525	0	708	23	269	210	609	277	0	479	32	2	89	74	20	234	26	260	400	499	20	225	339	218	26	206	153	362	128	135	190	0	521	111	187	0	254	166	81	153	114	95	169	158	52	153	187	71	37	230	181	58	0	0	132	14	19	54	0	39	0	93	0	56	0	0	0	0	139	210	65	1	20	6	106	228	24	218	131	4	73	127	144	10	36	185	98	0	0	0	33	39	105	0	0	140	0	0	121	75	2	3	105	23	58	513	89	1	0	177	108	53	32	159	192	6	72	105	97	0	1	0	0	51	
162_nodd	1038	8078	1516	766	0	32	11586	0	0	196	2	256	4	3364	3990	384	0	620	0	164	21	202	325	0	73	0	0	5	5	0	9	0	20	193	46	1	2	119	6	0	426	1920	303	9	7	677	0	399	5	104	0	365	42	93	120	31	38	284	331	42	37	247	1	2	96	288	14	0	2	28	2	1	0	0	0	0	392	0	34	0	0	0	0	10	353	87	0	1	1	21	85	16	22	21	0	1	226	27	1	1	82	82	0	0	0	26	10	105	0	0	24	0	0	64	63	0	0	99	0	0	132	36	0	0	99	167	26	6	146	129	0	381	17	5	0	0	0	0	0	
163_nodd	168	7543	1158	10363	0	1	12961	0	0	2611	1	53	0	3066	3413	361	0	2692	0	137	0	45	340	0	63	0	1	2	1	84	28	0	142	654	136	0	47	1432	3	0	399	1458	1152	18	0	690	0	640	0	100	0	456	409	78	121	624	365	222	298	33	4	1199	1	0	11	322	5	0	5	332	29	0	0	0	0	0	486	0	20	1416	0	0	0	38	352	80	1	24	0	17	128	13	240	266	0	0	244	119	4	0	14	838	0	0	0	22	2	339	0	0	162	0	0	79	58	8	0	420	1	1	27	677	0	0	217	166	20	4	123	122	0	458	4	17	0	206	0	0	0	
164_nodd	1	5644	1431	2156	0	0	3479	0	0	58	0	3	3	1608	1575	438	0	514	0	220	0	0	276	0	3	0	0	0	0	0	0	0	13	300	53	0	0	336	0	0	264	348	267	0	0	384	0	299	0	112	0	194	180	190	115	56	53	226	255	40	0	198	1	0	0	131	0	0	0	132	1	0	0	0	0	0	180	0	66	21	0	0	0	16	164	92	0	1	0	0	111	14	7	71	0	0	159	41	2	0	2	131	0	0	0	46	6	74	0	0	104	0	0	68	52	1	0	120	0	0	6	101	0	0	74	146	22	0	122	11	0	116	0	1	0	1	0	0	0	
165_nodd	174	9821	2787	1389	0	0	3975	0	0	2060	0	77	23	2458	2036	847	0	775	0	523	0	40	439	0	35	0	32	2	0	182	11	0	22	494	45	0	35	314	15	0	465	2	393	22	0	584	0	915	0	234	0	319	142	185	220	68	299	432	392	149	7	229	1	1	19	186	4	0	11	77	70	0	0	0	1	0	222	0	108	0	0	0	0	15	211	154	0	58	0	18	452	18	244	67	0	6	283	95	24	0	32	86	0	0	0	79	9	118	0	0	70	0	0	215	78	18	0	167	3	0	68	78	0	0	219	248	27	2	229	35	0	127	17	6	0	3	0	0	0	
166_nodd	0	2068	419	266	0	1	1411	0	0	0	0	0	0	509	468	202	0	194	0	104	0	1	107	0	1	0	0	0	0	1	0	0	3	102	10	0	0	71	0	0	124	335	100	0	0	173	0	66	0	34	0	83	36	41	46	64	17	114	135	27	0	102	0	0	0	75	0	0	0	25	0	0	0	0	0	0	98	0	18	0	0	0	0	4	72	49	0	0	0	2	46	2	0	20	0	0	68	35	0	0	0	38	0	0	0	16	0	32	0	0	9	0	0	25	11	0	0	34	0	0	3	13	0	0	34	67	2	0	54	9	0	59	0	0	0	2	0	0	0	
167_nodd	623	754	164	598	1	12	887	0	0	483	7	138	4	431	436	77	0	284	0	17	9	194	34	0	193	1	1	32	6	1	45	1	57	107	149	1	44	102	33	1	39	418	113	75	1	86	0	221	14	22	0	45	26	11	18	48	333	46	54	6	33	127	14	15	35	38	25	0	2	38	4	1	5	0	17	0	56	0	6	176	0	0	0	57	68	21	1	5	1	8	60	4	41	37	1	3	25	33	0	5	64	50	0	0	0	1	3	35	0	0	23	0	0	18	8	7	0	72	10	1	80	49	0	0	69	40	8	6	25	52	1	56	11	31	0	2	0	0	3	
168_nodd	269	869	99	49	0	0	492	0	0	11	0	110	0	51	50	58	0	56	0	30	0	42	30	0	23	2	0	9	0	0	6	0	9	36	3	0	1	18	3	0	47	8	20	11	0	23	0	29	0	12	0	27	9	18	11	41	2	19	18	6	12	23	6	1	37	29	5	0	0	6	1	0	0	0	0	0	10	0	7	12	0	0	0	8	26	10	0	0	0	12	14	2	1	1	0	0	23	26	4	0	28	6	0	0	0	7	0	18	0	0	1	0	0	13	5	0	0	1	4	0	95	3	0	0	14	6	6	0	4	44	0	10	9	2	0	0	0	0	0	
169_nodd	455	3698	741	709	0	0	832	0	0	36	0	91	0	345	362	227	0	123	0	183	0	78	85	0	58	0	0	2	0	3	30	0	46	142	30	0	1	109	2	0	107	16	81	21	1	58	0	8	0	65	0	72	78	57	49	8	15	80	96	28	18	27	0	2	45	40	5	0	0	63	1	0	0	0	0	0	17	0	25	0	0	0	0	6	48	31	0	0	0	25	6	10	1	43	0	1	29	28	2	0	18	20	0	0	0	16	0	40	0	0	33	0	0	13	16	0	0	14	1	0	124	26	0	0	0	24	18	0	32	22	0	17	4	8	0	0	0	0	0	
16_nodd	60	2750	482	13	14136	1385	110	174	4345	163	6	2941	414	0	8	57	50	41	113	177	423	1	67	1299	2	5	111	4	225	106	10	3	2	27	0	1458	72	5	156	595	35	0	9	80	1627	0	23	0	146	51	17	9	2	13	20	187	5	2	0	18	3	0	0	1	529	59	1	29	124	0	68	273	26	13	50	12	0	237	21	0	33	82	9	0	2	7	242	91	14	196	0	258	9	0	219	0	2	177	34	12	68	0	2115	3	11	11	299	7	12	1	0	10	5	11	10	44	21	0	79	1	19	0	138	4	0	1	90	0	3	120	438	1	435	1	196	0	0	0	27	
170_nodd	1040	5428	758	648	0	0	2492	0	0	1	0	430	6	378	424	395	0	328	0	285	0	200	235	0	118	0	37	24	0	0	49	1	56	245	44	1	0	147	1	0	233	235	179	39	0	137	0	269	0	78	0	191	111	82	71	65	23	129	113	53	58	111	10	3	166	140	15	0	1	73	2	0	0	0	1	0	58	0	44	76	0	0	0	19	110	67	1	3	2	74	180	12	0	35	0	0	119	126	23	0	126	50	0	0	0	51	8	76	0	0	21	0	0	87	38	0	0	25	9	1	387	22	0	0	100	51	32	3	65	163	0	34	39	24	0	0	0	0	0	
17_nodd	1	12126	2365	876	358	83	199	58	5	24	0	928	473	0	42	675	47	268	0	683	55	0	432	2	0	0	1255	0	15	185	64	0	79	283	34	53	5	150	4	13	273	0	147	55	196	0	26	2	31	204	15	78	203	255	168	29	12	13	0	165	1	7	0	0	236	108	0	21	122	85	170	28	0	7	8	11	0	0	129	21	0	2	4	23	3	25	1	190	0	127	12	25	5	56	10	1	14	135	770	2	74	3	0	2	5	110	219	46	2	6	109	3	10	62	83	69	0	0	34	6	8	4	7	2	5	1	88	0	15	77	16	0	156	0	24	7	0	0	2	
18_nodd	2	9840	3172	169	1783	848	35	813	7617	2400	3	826	5369	0	0	366	390	165	2	313	232	0	208	423	0	0	103	0	130	2009	26	0	24	141	2	201	336	42	282	54	106	0	91	41	368	0	87	0	112	197	59	44	15	113	157	38	3	12	0	85	0	0	0	3	276	178	0	41	496	6	666	68	64	24	151	32	0	499	62	0	262	324	24	1	0	12	321	440	0	176	0	328	113	8	141	0	1	47	58	16	33	0	86	11	27	40	130	21	67	20	17	40	31	131	51	473	0	1	40	8	20	0	156	13	0	3	98	0	29	55	71	0	116	0	421	1	0	0	23	
19_nodd	3	1604	472	800	3134	511	15	51	4320	4356	2	460	1850	0	0	42	34	197	8	27	56	2	31	106	3	0	286	0	64	964	137	0	130	123	22	418	854	59	888	149	11	0	74	264	229	0	7	0	476	36	7	37	18	17	33	57	72	5	0	8	0	2	0	0	108	44	3	3	355	23	301	342	104	1	158	3	0	157	5	0	557	478	0	5	0	1	179	123	0	57	0	74	85	31	208	0	1	7	35	33	69	0	57	2	2	6	65	14	1	0	19	3	1	23	18	279	0	0	74	23	2	0	213	0	0	0	27	0	4	21	103	0	59	1	256	12	0	0	26	
1_nodd	343	15080	6847	203	498	2105	10	1171	4037	513	22	817	619	0	0	850	948	127	4	898	652	7	856	0	2	10	64	3	498	995	19	4	11	102	29	139	64	24	44	44	288	0	43	9	630	0	160	0	35	364	90	36	19	420	472	48	1	19	0	369	4	0	0	6	272	141	2	172	138	10	245	19	36	74	60	108	0	527	166	0	47	117	51	9	0	43	187	365	2	352	0	279	34	7	72	68	2	111	30	18	34	0	0	31	68	266	393	8	137	83	33	79	100	68	75	339	0	1	13	12	80	0	35	78	0	2	187	3	72	34	13	0	207	1	35	1	1	0	41	
20_nodd	6	3694	1560	363	974	293	180	308	3586	327	0	491	3901	2	385	175	161	59	2	141	64	0	127	4	0	0	481	1	27	1416	62	0	42	45	11	134	38	30	50	23	70	0	26	33	201	0	28	0	27	80	16	17	16	60	63	18	2	7	1	42	1	2	0	0	188	123	0	19	388	10	499	24	5	16	113	17	0	199	31	0	75	158	18	3	11	3	137	377	0	73	2	152	13	17	97	0	10	24	95	2	31	1	1	7	12	19	78	10	17	12	86	10	14	83	27	334	1	0	66	7	9	0	97	12	0	0	40	0	57	42	54	2	92	0	380	6	1	0	7	
21_nodd	9	6760	2171	3059	2916	140	76	260	3034	1306	0	927	211	0	0	258	184	402	3	241	30	1	145	0	1	0	587	1	18	426	411	0	369	421	97	332	165	212	169	66	81	177	184	256	556	2	25	0	333	166	21	85	197	70	134	81	363	6	0	84	0	4	0	0	212	49	1	13	75	164	118	246	11	19	52	8	0	246	43	234	281	298	8	25	0	7	191	90	0	102	0	168	70	87	32	0	2	75	122	5	129	2	2	4	8	28	184	45	19	8	187	12	21	35	52	71	0	1	58	19	14	14	33	4	0	1	67	0	12	42	86	0	174	5	21	9	1	0	6	
22_nodd	9	10045	2846	311	2100	89	41	1063	3073	608	0	1204	246	0	0	586	474	205	8	624	54	1	425	0	3	0	65	0	11	136	57	0	44	202	4	350	99	69	110	36	216	0	114	73	699	0	279	0	81	269	164	48	59	174	169	55	30	7	0	131	2	1	0	0	359	40	0	119	35	42	121	102	4	108	18	97	0	434	120	0	122	161	89	0	0	34	286	86	0	183	0	325	42	22	17	1	1	137	36	2	79	0	1	48	64	94	220	42	96	35	8	63	80	37	77	65	0	1	15	2	27	0	22	50	0	0	136	0	2	71	77	0	209	0	37	1	1	0	0	
23_nodd	136	5804	1832	2538	112	75	63	212	1906	4	2	466	382	2	2	393	185	569	0	350	45	15	262	1	21	1	306	5	15	165	272	2	287	578	54	37	0	267	1	10	116	0	188	241	67	2	52	0	38	176	33	89	288	107	139	88	1231	5	0	78	8	7	0	2	148	59	5	13	60	168	136	14	0	21	25	27	0	243	73	0	317	253	15	13	1	18	182	100	0	87	0	209	0	135	2	8	6	105	111	14	88	3	0	11	10	38	37	57	19	21	164	22	18	31	82	99	0	3	20	11	19	4	6	10	0	1	61	0	19	40	5	0	77	12	22	17	0	0	5	
24_nodd	0	6576	453	6662	3599	191	87	88	2762	5783	0	650	437	0	0	30	12	538	1	44	14	1	25	2	0	0	204	0	19	132	458	0	433	408	5	440	378	265	403	55	15	1	247	284	450	0	10	0	544	33	7	151	253	4	30	44	468	0	0	11	0	5	0	0	136	12	1	5	37	129	66	349	11	1	4	1	0	159	5	182	394	269	2	0	0	0	104	33	0	108	0	97	132	82	13	0	2	36	51	14	62	5	0	0	1	4	132	66	8	0	25	5	1	6	19	58	0	0	5	24	3	8	31	2	0	0	55	0	1	39	55	0	26	2	18	10	0	0	8	
25_nodd	1	3350	2140	205	9637	2821	14	381	0	4	0	771	5099	0	3	120	482	24	7	157	227	0	104	4	0	0	212	0	105	2705	48	0	52	20	21	349	2	6	0	193	45	0	7	36	849	0	25	0	71	148	16	5	15	69	47	24	1	7	0	35	0	0	0	1	142	138	0	14	1004	7	328	223	0	13	201	11	0	0	31	0	1	0	5	2	0	9	0	362	0	128	0	10	0	20	816	0	0	31	81	8	16	0	5	13	8	31	238	2	24	19	12	11	11	103	20	210	0	0	200	20	1	0	673	14	0	1	55	0	31	27	478	0	263	0	411	11	0	0	45	
26_nodd	0	10	147	72	4609	3192	0	118	434	3	0	38	5115	0	0	2	115	1	2	0	53	0	1	3558	0	0	106	0	86	2102	10	0	16	0	8	88	3	0	0	222	0	0	1	14	2	0	0	0	42	7	1	0	0	0	0	3	0	0	0	0	0	0	0	1	0	1	0	1	1013	0	45	65	0	1	170	0	0	0	0	0	3	10	0	0	0	0	0	21	0	0	0	0	1	4	845	0	0	1	0	10	1	0	1096	1	1	0	0	0	8	1	9	0	0	0	0	63	4	0	189	15	0	0	701	0	0	0	0	0	6	0	244	0	37	0	449	5	0	0	36	
27_nodd	0	4448	1669	62	422	316	7	20	345	114	1	196	2234	0	40	264	20	34	0	319	113	0	142	1	0	0	60	0	33	675	5	0	13	39	10	49	17	6	7	16	121	0	16	4	280	0	9	0	18	94	1	12	15	135	83	9	0	20	0	96	1	0	0	0	67	162	0	5	236	13	364	18	6	2	17	1	0	57	58	0	6	19	2	2	5	10	28	379	0	61	0	58	13	5	98	70	1	40	62	1	8	0	1	0	1	59	97	4	1	2	4	0	3	112	21	175	1	0	14	1	4	0	83	2	0	1	46	0	24	20	42	0	59	0	74	1	0	0	10	
28_nodd	4	1035	1130	892	6963	162	10	438	2476	1139	0	686	1164	0	0	54	461	89	13	36	13	1	83	0	1	0	952	0	12	1533	248	0	229	38	167	465	290	27	333	188	20	0	14	233	245	0	13	0	407	78	12	10	16	15	28	37	23	1	0	8	1	0	0	1	84	30	0	14	383	17	139	447	9	8	307	5	0	50	10	0	139	175	12	13	0	5	65	90	1	43	0	37	20	40	324	0	0	12	55	5	51	0	0	5	9	3	67	13	39	30	198	2	4	6	14	132	1	2	310	6	3	0	244	10	0	0	31	0	27	22	258	0	208	0	178	11	0	0	6	
29_nodd	3	2028	703	4001	290	0	55	0	1493	425	0	321	53	0	0	108	1	322	0	75	1	1	41	0	1	0	638	0	0	85	463	0	551	240	177	37	53	207	49	13	30	1	127	173	38	0	0	0	61	75	0	68	226	50	38	72	109	1	0	20	0	5	0	0	83	21	1	0	19	173	27	59	0	0	22	0	0	84	13	130	340	297	0	27	0	2	87	26	0	48	0	66	13	131	6	0	4	29	134	0	74	10	1	0	0	7	29	37	0	0	195	0	0	6	22	25	0	2	38	0	3	20	2	0	0	0	21	0	8	21	7	0	62	5	8	31	0	0	0	
2_nodd	0	4947	1464	2652	1073	196	30	249	898	0	0	719	1465	0	53	287	192	386	2	234	78	1	189	2	1	0	698	0	39	638	371	0	350	313	45	190	0	245	1	36	97	0	139	181	329	0	44	0	170	125	33	76	250	82	68	73	59	12	0	74	0	5	0	1	147	125	1	25	326	170	373	100	0	21	58	29	0	91	46	0	103	66	15	25	6	19	70	302	0	106	1	84	1	190	98	0	2	99	210	14	93	2	0	4	17	29	141	42	24	14	155	17	15	79	49	212	0	1	85	36	10	1	69	3	0	1	55	0	26	25	61	1	128	5	115	34	0	0	12	
30_nodd	260	26025	3706	4828	2288	21	165	234	10434	828	0	1928	70	0	7	629	59	690	7	620	10	13	296	0	15	0	1090	4	1	68	575	0	531	784	13	297	88	464	97	25	218	262	379	208	660	0	36	0	145	310	27	177	484	191	243	90	369	8	0	158	9	6	0	0	835	26	6	16	11	298	42	143	0	11	10	17	0	1025	134	0	551	681	9	3	1	8	724	26	2	362	0	734	48	157	2	0	8	161	313	2	142	6	1	6	13	79	193	101	19	4	118	14	17	34	97	23	0	0	10	3	81	0	8	4	0	0	289	0	2	179	65	0	167	8	1	0	0	0	1	
31_nodd	6	3747	85	507	4515	305	8	118	2130	87	1	903	180	0	0	9	3	56	6	11	149	0	4	646	1	0	53	0	58	11	121	0	115	44	0	390	17	27	23	40	6	0	26	80	664	0	16	0	120	4	8	13	41	5	7	23	2	1	0	3	0	0	0	0	212	11	0	9	27	20	39	113	3	3	2	4	0	132	3	0	45	64	0	0	0	0	75	15	1	118	0	99	6	9	27	1	0	37	8	7	28	0	276	2	9	0	177	8	12	0	0	4	2	10	1	20	1	0	4	20	6	0	32	1	0	0	53	0	0	46	69	0	14	1	43	1	0	0	6	
32_nodd	283	23129	980	2044	10152	260	114	1499	1172	367	0	2053	2228	0	0	113	82	277	13	157	62	10	64	5	7	10	272	2	17	176	213	2	192	263	0	711	48	138	34	50	73	0	161	142	2009	0	215	0	248	62	134	110	204	34	43	26	15	4	0	48	2	0	0	0	594	114	1	96	233	118	299	360	0	83	9	99	0	83	26	589	32	50	12	0	0	2	60	231	3	335	0	84	23	85	107	0	0	99	142	2	77	0	1	5	65	21	580	55	98	0	2	75	60	90	21	128	0	1	7	8	45	5	131	7	1	0	173	0	0	139	292	0	61	1	113	13	0	0	4	
33_nodd	2	3366	46	11582	2262	17	55	0	6728	4735	0	506	21	0	0	3	0	284	3	1	5	2	1	0	1	0	1602	0	3	3	891	0	1164	242	1	316	431	224	346	34	1	0	182	316	134	0	0	0	308	4	0	106	216	2	6	24	68	0	0	0	0	5	0	0	119	0	1	0	5	150	2	295	1	0	0	0	0	137	1	436	874	894	0	0	0	0	222	0	0	81	0	122	56	84	1	0	0	10	120	1	83	6	0	0	0	1	61	39	0	0	1	0	0	1	0	3	0	0	0	3	4	29	3	0	0	0	45	0	0	33	12	0	4	6	3	3	0	0	2	
34_nodd	1	5660	37	1657	5290	34	25	0	1382	467	0	717	51	0	0	4	0	119	0	2	5	0	1	0	0	0	1561	0	2	2	116	0	201	108	0	432	62	44	49	20	4	0	68	138	404	0	0	0	158	8	0	65	48	5	2	5	7	1	0	0	0	0	0	0	120	0	0	0	11	34	9	199	0	0	0	0	0	32	0	5	56	61	0	0	0	0	39	4	1	105	0	42	18	41	1	0	0	9	132	0	28	0	0	0	0	0	222	23	0	0	0	0	0	2	5	3	0	0	0	1	0	0	7	0	0	0	57	0	0	43	69	0	5	0	1	0	0	0	0	
35_nodd	2	3959	72	79	1475	102	63	104	90	3914	0	411	92	0	0	19	9	415	0	11	151	0	7	448	1	0	3	0	63	3	6	0	7	250	0	257	447	78	283	51	8	0	197	123	420	0	29	0	330	11	14	107	6	6	8	54	75	0	0	2	0	6	0	0	86	9	0	6	10	3	15	286	108	11	0	10	0	7	0	0	18	10	0	0	0	0	1	16	0	77	0	11	204	4	9	0	0	46	2	42	78	0	131	0	7	0	130	54	14	0	0	4	6	6	3	15	0	1	1	3	2	0	6	1	0	0	37	0	0	34	47	0	10	0	3	0	0	0	13	
36_nodd	0	796	15	1109	370	1	7	31	280	3	0	90	6	0	1	1	3	47	0	0	1	0	4	0	0	0	211	0	0	2	78	0	86	43	0	45	0	33	2	0	0	0	22	36	40	0	1	0	48	0	2	14	41	1	0	4	8	0	0	0	0	0	0	0	20	0	0	1	1	29	0	38	0	1	0	0	0	12	0	0	21	26	0	0	0	1	8	1	0	15	0	6	0	20	0	0	0	0	32	0	9	0	0	0	0	0	18	11	3	0	0	1	1	0	0	1	0	0	0	0	1	1	0	0	0	0	3	0	0	4	7	0	1	0	0	0	0	0	0	
37_nodd	0	1979	483	21949	21	11	39	1	2	8	0	643	414	0	0	25	0	453	0	15	3	0	9	1	0	0	6140	0	1	157	1469	0	1573	306	32	1	2	394	1	1	12	0	150	718	1	0	0	0	14	30	0	76	296	6	15	41	755	0	0	5	0	7	0	0	38	23	1	0	116	227	45	3	0	0	13	0	0	0	3	205	0	0	0	6	0	0	0	11	0	25	0	2	3	316	0	0	1	11	317	2	140	8	1	0	0	2	55	30	0	0	1446	0	0	6	17	62	0	1	191	6	0	49	0	0	0	0	24	0	9	17	0	0	39	0	24	27	0	0	2	
38_nodd	4	1360	80	1233	659	10	10	147	7059	1510	0	257	43	0	0	9	7	94	0	8	3	0	1	1	0	0	158	0	1	4	280	0	207	61	0	110	239	43	322	13	3	13	44	84	64	0	14	0	55	8	7	26	45	0	4	21	15	0	0	0	0	4	0	0	97	0	3	5	2	32	1	43	0	1	4	2	0	219	2	44	553	466	1	0	0	0	190	0	0	50	0	110	40	9	0	0	0	3	12	2	19	1	1	0	4	0	18	13	16	0	1	3	1	1	3	3	0	0	1	1	4	2	0	0	0	0	19	0	0	18	5	0	14	0	8	1	0	0	0	
39_nodd	1	18995	488	7091	59	0	173	73	421	136	0	703	1	0	0	106	8	839	0	102	0	0	59	0	0	0	1812	0	0	0	276	0	272	1046	1	11	6	763	5	1	51	0	573	145	33	0	25	0	3	38	9	251	759	32	35	49	85	0	0	27	0	10	0	0	212	9	0	6	0	454	0	5	0	6	0	10	0	66	20	135	54	35	4	1	0	3	36	0	0	125	0	60	10	238	0	0	2	127	780	0	75	8	0	0	5	5	127	151	6	1	4	8	9	7	23	0	0	0	0	0	8	23	0	0	2	0	63	0	0	42	2	0	10	1	0	0	0	0	0	
3_nodd	5	3967	1464	473	5086	498	5	232	1123	162	0	1073	2504	0	0	190	177	68	2	166	59	0	129	1	0	0	967	0	34	1645	97	0	102	77	79	405	31	25	42	86	46	0	24	94	807	0	31	0	143	99	27	15	46	56	49	32	6	13	0	53	0	0	0	0	204	113	0	17	623	28	371	154	6	5	200	11	1	65	28	0	30	37	7	18	0	8	51	335	0	117	0	75	12	43	412	6	3	50	236	9	44	0	2	5	7	22	259	17	26	17	115	10	9	60	17	237	2	1	203	5	1	1	355	6	0	2	78	0	28	39	266	0	226	0	308	7	1	0	11	
40_nodd	3	11249	263	85	5139	1565	12	211	1729	831	4	1440	208	0	0	46	13	129	4	45	1887	1	34	8984	0	0	6	0	612	7	11	0	10	93	0	479	149	25	104	113	19	0	51	43	1276	0	50	0	100	22	21	25	7	12	15	116	3	3	0	8	1	0	0	0	329	23	1	20	39	3	34	79	134	15	0	19	0	145	8	0	30	27	1	0	0	3	113	31	0	336	0	125	50	2	17	0	0	180	5	71	30	0	1773	0	20	4	330	20	22	0	0	22	13	17	9	22	4	0	3	15	9	0	18	0	0	0	182	0	0	78	83	0	26	0	19	0	0	0	30	
41_nodd	3	731	150	1120	8076	671	4	28	558	35	0	476	4028	0	0	8	17	52	10	5	25	0	7	1	0	2	388	0	27	1476	367	0	300	35	17	393	1	40	10	263	6	0	12	293	324	0	0	0	460	11	2	7	25	2	2	33	21	1	0	1	0	0	0	1	62	33	3	1	904	26	241	481	3	1	207	0	0	13	2	0	24	35	0	3	0	0	15	141	3	25	2	9	0	84	967	0	0	10	43	35	32	0	1	0	1	0	71	5	4	0	37	0	1	22	2	178	0	1	265	37	0	0	900	1	0	0	13	0	1	14	457	0	53	1	650	36	0	0	28	
42_nodd	0	4205	344	5	2678	345	3	27	0	151	0	705	7008	0	4	61	7	33	0	57	96	0	32	0	0	0	106	0	34	430	0	0	0	39	0	192	28	3	33	36	39	0	9	17	768	0	11	0	32	24	6	9	0	19	12	14	0	23	0	8	0	0	0	0	140	224	0	5	795	0	856	76	6	1	22	4	0	0	13	0	0	0	1	1	1	3	0	594	0	88	2	6	19	0	521	0	0	64	109	0	25	0	0	0	2	11	238	6	1	0	0	1	3	187	6	350	0	1	25	0	1	0	594	0	0	1	44	0	1	43	247	0	49	0	405	0	0	0	11	
43_nodd	2	1880	754	3376	193	32	27	10	1356	500	1	215	118	0	0	106	14	261	1	85	5	2	43	0	0	0	317	0	6	113	332	0	424	224	112	45	54	215	43	13	42	0	118	80	38	0	2	0	61	95	2	42	193	34	61	41	82	3	0	24	0	3	0	1	50	31	0	0	36	159	47	29	4	0	19	1	0	97	18	21	310	259	0	22	0	3	79	31	0	23	0	77	19	107	5	0	1	20	72	9	48	4	0	0	2	3	34	40	1	1	122	1	0	10	21	43	0	1	16	12	7	7	4	1	0	0	14	0	8	15	9	0	52	5	13	9	0	0	3	
44_nodd	0	492	309	3205	413	37	5	20	1343	655	0	147	206	0	0	16	30	87	4	10	0	1	5	2	1	0	617	0	7	160	321	0	402	70	34	45	74	81	55	14	6	0	42	135	21	0	0	0	76	24	2	13	48	12	18	13	71	0	0	5	0	1	0	0	25	5	0	0	37	50	51	75	1	0	13	0	0	24	3	0	234	253	1	3	0	0	40	10	1	12	0	15	10	65	4	0	1	3	29	3	27	1	1	1	0	1	7	9	1	2	243	0	0	5	9	22	0	0	30	11	1	2	13	0	0	0	7	0	1	6	7	0	15	3	15	11	0	0	3	
45_nodd	0	2509	1050	239	117	27	4	4	85	0	0	104	516	0	0	163	2	32	0	150	9	0	64	0	0	0	194	0	3	108	16	0	19	51	3	9	0	23	0	2	55	0	16	6	45	0	1	0	0	80	0	15	33	74	33	1	1	4	0	49	0	0	0	0	30	59	0	0	66	15	94	2	0	1	0	0	0	11	39	0	1	5	1	1	0	1	7	92	0	16	0	16	0	19	4	0	0	13	71	1	8	0	0	0	1	26	31	7	0	0	29	0	1	51	6	44	0	0	7	1	2	0	4	1	0	0	15	0	4	10	9	0	36	0	13	2	0	0	0	
46_nodd	0	1366	578	165	9	1	4	1	2	0	0	70	497	0	0	83	1	23	0	90	0	0	26	0	0	0	227	0	0	82	7	0	10	43	8	0	0	26	0	0	30	0	16	5	1	0	0	0	0	30	0	10	28	48	23	1	3	3	0	27	0	0	0	0	13	35	0	0	55	18	72	0	0	0	0	1	0	0	17	0	0	0	0	1	0	1	0	77	0	8	1	2	0	14	2	0	0	5	75	1	6	0	1	0	0	16	20	10	0	0	51	0	0	30	3	37	0	0	6	0	2	0	1	0	0	0	6	0	4	3	0	0	18	0	14	7	0	0	0	
47_nodd	0	223	74	452	0	0	4	0	4	15	0	8	1	0	0	11	0	10	0	8	0	0	5	0	0	0	71	0	0	0	13	0	23	26	9	0	1	32	0	0	0	0	11	10	0	0	0	0	0	11	0	2	20	1	6	1	7	0	0	1	0	0	0	0	4	1	0	0	0	14	0	0	0	0	0	0	0	0	3	0	1	0	0	0	0	0	0	0	0	3	0	0	0	20	1	0	0	1	12	0	4	0	0	0	0	1	2	2	0	0	75	0	0	1	0	0	0	0	5	0	0	1	0	0	0	0	0	0	0	0	0	0	3	0	0	1	0	0	0	
48_nodd	0	266	114	150	41	0	1	0	1	2	0	24	2	0	0	19	0	14	0	13	0	0	5	0	0	0	48	0	0	12	7	0	11	16	0	3	1	20	0	0	5	5	9	12	8	0	0	0	7	4	0	3	10	3	4	0	2	0	0	3	0	0	0	0	2	2	0	0	1	8	0	5	0	0	0	0	0	0	1	1	0	1	0	0	0	0	0	0	0	2	0	1	0	4	0	0	0	0	10	0	2	0	0	0	0	3	6	4	0	0	47	0	0	2	1	1	0	0	4	0	0	0	2	0	0	0	2	0	0	0	3	0	10	0	0	0	0	0	0	
49_nodd	0	7802	3684	1	2	231	23	549	165	1080	0	54	2918	0	0	635	347	172	0	679	112	0	412	0	0	0	37	0	33	1782	0	0	0	168	66	0	34	42	9	2	216	0	77	0	109	1	143	0	21	184	82	49	3	204	175	14	5	26	1	193	0	2	0	0	18	238	0	69	246	0	774	0	25	60	11	68	0	40	132	0	12	4	57	5	0	41	18	644	0	30	2	40	102	2	23	142	1	48	63	7	3	0	0	44	52	100	62	33	37	50	14	46	51	145	91	380	0	0	4	0	7	0	31	48	0	4	35	0	65	4	1	0	11	0	17	0	2	0	12	
4_nodd	0	4293	988	52	17	12	11	217	110	277	1	31	22	0	0	272	192	72	0	311	134	0	139	299	0	0	1	0	28	12	0	0	3	58	13	2	25	20	1	1	92	0	48	1	11	0	69	0	0	98	41	26	10	112	68	10	0	1	0	67	0	0	0	0	17	7	0	27	2	2	8	1	13	16	0	26	0	17	46	0	4	4	20	2	0	12	12	7	0	33	0	25	41	1	1	0	1	20	1	7	1	1	6	16	19	50	1	17	11	18	4	19	14	6	9	4	0	0	0	2	1	0	1	7	0	0	27	0	4	1	0	0	8	0	1	0	0	0	0	
50_nodd	471	412	219	11	239	424	0	40	0	327	329	51	672	0	0	11	23	21	4	5	674	5	12	17874	11	8	30	9	365	407	0	51	1	6	45	17	81	3	13	13	3	0	0	9	13	0	4	0	13	21	2	0	0	3	2	17	6	0	0	23	9	0	0	19	7	7	1	0	151	0	43	5	238	2	8	0	0	0	0	0	0	0	2	1	0	1	0	38	1	41	0	0	5	0	15	6	0	7	10	140	2	0	689	0	0	0	9	0	5	2	0	2	1	4	1	34	3	0	34	7	9	0	16	1	0	0	10	6	5	0	3	0	9	0	16	0	0	0	3	
51_nodd	0	9155	4336	0	0	0	139	4317	92	0	0	18	0	0	14	908	1389	0	0	747	0	0	680	0	0	0	0	0	0	34	0	0	0	16	0	0	0	1	0	0	265	0	3	0	0	3	653	0	0	199	616	29	0	208	191	0	0	0	0	204	0	0	0	0	6	19	0	394	1	0	12	0	0	368	0	303	0	12	165	560	0	3	276	0	3	99	8	10	0	60	0	31	0	1	0	0	15	18	1	0	3	0	0	250	274	134	0	0	185	163	0	263	246	14	97	2	0	0	0	0	5	0	0	188	0	0	64	0	7	12	0	0	3	0	0	0	15	0	0	
52_nodd	1	14484	5154	0	0	0	196	3018	825	0	0	197	0	0	40	1463	1037	0	0	1360	0	0	1008	0	0	0	0	0	0	0	0	0	0	35	0	0	0	0	0	0	493	0	2	0	0	1	962	0	0	371	617	12	0	439	308	0	0	3	0	344	0	0	0	0	107	32	0	534	0	0	0	0	0	411	0	488	0	213	293	0	1	24	337	0	2	120	96	0	0	115	0	225	0	0	0	0	14	36	0	0	8	0	0	249	280	207	0	2	210	181	0	241	309	12	143	0	0	0	0	0	30	0	0	173	0	0	132	0	6	26	0	0	40	0	0	0	601	0	0	
53_nodd	3	37711	16133	24	10	6	40	6795	3678	0	0	425	4	0	10	1697	2447	4	0	1799	2	0	1419	0	0	0	32	0	0	6	1	0	1	97	0	3	0	7	0	0	708	0	3	2	7	0	1009	0	1	494	542	8	7	545	545	3	0	3	0	572	0	0	0	0	232	17	0	735	0	12	1	5	0	377	0	724	0	332	386	0	0	36	343	0	0	99	179	0	0	185	0	325	0	2	0	0	3	38	25	0	10	0	0	161	307	316	5	4	282	298	0	281	438	43	239	2	0	0	0	0	32	0	0	171	0	0	210	0	2	57	1	0	69	0	0	0	4199	0	0	
54_nodd	2	16548	6650	0	0	0	4	5504	1024	85	0	273	0	0	1	1786	1794	22	0	1691	1	0	1350	0	0	0	0	0	0	0	0	0	0	48	3	1	6	2	2	0	565	0	16	1	0	0	1248	0	0	491	1004	9	0	509	335	1	0	2	0	380	0	0	0	0	113	24	0	613	0	0	0	0	0	517	0	552	0	238	318	0	4	14	534	3	0	169	121	0	0	149	0	235	18	0	0	0	0	29	0	0	10	0	0	416	422	266	0	8	328	249	0	417	430	8	173	0	0	0	0	0	35	0	0	292	0	0	143	0	0	22	0	0	65	0	0	0	16	0	0	
55_nodd	0	18606	12372	4	1	0	68	11687	270	1155	0	49	0	0	13	2223	4944	159	0	1832	0	0	1933	0	0	0	1	0	0	91	0	0	1	200	0	0	70	40	5	0	573	0	90	0	0	0	1407	0	0	616	1585	44	1	551	469	17	1	3	0	498	0	1	0	0	20	30	0	849	3	0	19	0	0	873	0	736	0	38	344	0	10	16	819	1	3	182	34	15	0	113	1	79	132	0	0	0	12	20	1	0	2	0	0	719	571	294	0	32	517	691	0	496	487	28	238	8	0	1	0	0	15	0	0	574	0	0	154	0	6	10	0	0	18	0	0	0	30	0	0	
56_nodd	0	5344	2658	0	0	0	44	1504	97	2	0	21	0	0	8	625	719	2	0	529	0	0	475	0	0	0	0	0	0	0	0	0	0	14	0	0	0	0	0	1	231	0	0	0	0	0	307	0	0	162	262	4	0	177	134	0	0	0	0	168	0	0	0	0	15	6	0	182	0	0	0	0	0	165	0	176	0	17	110	0	0	1	170	0	1	55	10	0	0	31	0	34	0	0	0	0	4	5	0	0	1	0	0	147	113	85	1	0	98	102	0	121	90	6	75	0	0	0	0	0	5	0	0	109	0	0	25	0	4	8	0	0	6	0	0	0	4	0	0	
57_nodd	0	4863	3435	98	0	0	512	3138	195	1	0	38	7	0	231	679	1424	11	0	490	0	0	597	0	0	0	13	0	0	0	1	0	6	21	4	0	0	13	0	0	167	0	12	0	0	1	321	0	0	184	450	18	10	142	124	5	1	1	0	158	0	2	0	0	19	32	0	217	2	2	0	0	0	235	0	214	0	30	99	0	2	7	259	1	17	70	19	0	0	24	0	24	0	9	0	0	46	5	7	0	3	3	0	220	167	78	0	4	136	217	2	136	155	10	60	0	0	0	0	0	3	0	0	149	0	0	37	0	39	28	0	2	7	0	0	0	4	0	0	
58_nodd	0	1984	2655	0	0	0	8	3270	35	0	0	6	0	0	2	338	1391	0	0	180	0	0	417	1	0	0	0	0	0	0	0	0	0	2	0	0	0	0	0	0	65	0	0	0	0	0	203	0	0	86	300	1	0	52	96	0	0	0	0	84	0	0	0	0	0	2	0	178	0	0	1	0	0	166	0	104	0	2	52	0	0	0	200	0	0	37	1	0	0	8	0	8	0	0	0	0	1	0	0	0	0	0	0	191	106	35	0	0	108	235	0	76	78	2	36	0	0	0	0	0	1	0	0	195	0	0	16	0	1	1	0	0	0	0	0	0	12	0	0	
59_nodd	0	16264	9919	0	0	0	1	4053	684	0	0	161	0	0	7	1641	2458	0	0	1600	1	0	1332	3	0	0	13	0	0	0	1	0	0	37	0	0	0	0	0	0	528	0	0	0	0	0	663	0	0	444	516	0	4	485	421	2	0	1	0	543	0	0	1	0	68	15	0	356	0	2	0	0	0	334	0	320	0	90	366	0	0	11	327	0	1	136	63	1	0	75	0	130	0	0	0	0	0	18	4	0	6	0	0	306	286	272	0	1	215	368	12	271	256	16	163	0	0	0	1	0	19	0	0	241	0	0	117	0	2	15	0	0	29	0	0	0	7	0	0	
5_nodd	138	1854	1046	125	195	56	2	986	117	53	15	54	211	0	0	110	461	19	1	92	227	3	64	1802	0	0	1	0	48	76	7	2	7	21	7	8	3	12	0	0	30	0	11	4	26	0	69	0	4	57	58	3	3	23	19	3	0	0	0	12	1	0	0	1	9	6	0	29	25	2	25	3	8	28	1	23	0	5	13	0	0	3	44	1	0	9	6	23	0	33	0	8	4	3	2	0	0	12	1	18	2	0	61	26	19	11	5	3	36	22	7	23	16	11	7	15	0	0	2	19	7	0	8	17	0	0	11	0	5	2	4	0	16	0	1	1	2	0	2	
60_nodd	0	4883	3093	0	1	0	28	1308	240	1	0	54	0	0	15	616	690	0	0	547	0	0	435	0	0	0	0	0	0	0	0	0	0	5	0	0	0	0	0	0	154	0	0	0	0	0	241	0	0	171	207	1	0	152	128	0	0	0	0	156	1	0	0	0	19	10	0	172	0	0	0	0	0	114	0	131	0	42	113	0	0	5	145	0	0	50	29	0	0	36	0	41	0	0	0	0	0	5	0	0	1	0	0	102	83	65	0	1	73	124	0	60	78	4	51	0	0	0	0	0	5	0	0	88	0	0	19	0	2	7	0	0	14	0	0	0	13	0	0	
61_nodd	0	4443	5351	2	0	0	15	5572	401	1	0	46	0	0	9	680	2581	0	0	450	0	0	821	0	0	0	3	0	0	0	0	0	0	10	0	0	0	0	0	0	130	0	0	0	0	0	389	0	0	205	509	0	0	123	212	0	0	2	0	182	0	0	0	0	16	7	0	330	0	1	1	0	0	299	0	213	0	33	80	0	0	7	305	0	0	74	24	0	0	54	0	28	0	0	0	0	0	4	0	0	1	0	0	308	217	74	0	0	253	337	0	169	161	3	68	0	0	0	0	0	3	0	0	300	0	0	36	0	0	7	0	0	16	0	0	0	11	0	0	
62_nodd	0	5920	3657	0	1	0	73	3172	177	68	0	48	1	0	25	674	1143	11	0	586	0	0	606	0	1	0	0	0	0	0	0	0	0	19	4	0	6	1	1	0	194	0	5	0	0	0	444	0	0	184	431	5	0	156	165	0	0	1	0	142	0	0	0	0	12	9	0	261	0	0	0	0	0	247	0	192	0	27	118	0	1	2	220	2	3	49	22	0	0	47	0	37	12	0	0	0	2	5	0	0	1	0	0	215	183	83	1	3	152	152	0	158	143	4	80	0	0	0	0	0	9	0	0	179	0	0	34	0	3	13	0	0	9	0	0	0	6	0	0	
63_nodd	0	2358	1380	1	0	0	24	1866	25	0	0	37	0	0	42	344	517	0	0	264	0	0	319	0	0	0	53	0	0	0	0	0	0	5	0	0	0	0	0	0	91	0	2	0	0	0	281	0	0	161	312	3	0	71	77	0	0	0	0	75	0	0	0	0	15	6	0	142	0	0	0	0	0	143	0	137	0	6	51	0	0	0	170	0	4	23	6	0	0	21	0	10	0	0	0	0	2	4	41	0	1	0	0	160	159	33	5	0	112	86	7	135	101	2	37	0	0	0	1	0	0	0	0	98	0	0	33	0	9	3	0	0	17	0	0	0	18	0	0	
64_nodd	0	2359	1049	0	0	0	21	892	2	6	0	1	0	0	1	314	289	2	0	264	0	0	263	1	0	0	1	0	0	3	0	0	0	16	0	1	0	0	0	0	126	0	7	0	1	0	189	0	0	79	208	6	0	79	75	2	0	1	0	109	0	0	0	0	1	3	0	140	0	0	0	0	0	135	0	139	0	0	62	33	0	0	101	0	0	18	0	1	0	13	0	8	4	0	0	0	2	4	3	0	0	0	0	74	74	45	0	0	58	57	0	74	67	5	28	0	0	0	0	0	2	0	0	88	0	0	13	0	1	2	0	0	1	0	0	0	6	0	0	
65_nodd	0	11057	6518	1	3	0	19	7120	495	2	0	68	1	0	5	837	2600	1	0	748	0	0	882	0	0	0	1	0	0	0	0	0	0	18	0	0	0	1	0	0	301	0	1	0	4	0	669	0	0	209	613	0	0	226	235	0	0	2	0	285	0	0	0	0	32	16	0	417	1	0	0	0	0	424	0	366	0	48	161	0	0	12	281	0	1	98	35	0	0	65	0	85	0	0	0	0	2	4	4	0	2	0	0	262	291	132	0	1	268	242	2	321	280	14	111	0	0	0	0	0	5	0	0	254	0	0	74	0	0	4	1	0	13	0	0	0	9	0	0	
66_nodd	2	3860	2549	0	0	0	29	2442	261	0	0	75	2	0	2	538	967	0	0	454	0	0	500	0	0	0	0	0	0	9	0	0	0	7	0	0	0	0	0	0	160	0	1	1	0	0	414	0	0	147	375	5	0	148	140	0	0	0	0	124	0	0	0	0	26	12	0	224	0	0	3	0	0	228	0	176	0	51	86	179	1	8	197	0	0	73	40	5	0	40	0	39	0	0	0	0	4	16	0	0	6	0	0	209	143	74	0	1	160	159	0	148	158	3	48	0	0	0	0	0	3	0	0	151	0	0	54	0	2	8	0	0	13	0	0	0	11	0	0	
67_nodd	0	2895	2212	0	0	0	37	2325	229	0	0	41	1	0	7	380	932	0	0	328	0	0	381	0	0	0	0	0	0	0	0	0	0	2	0	0	0	0	0	0	115	0	0	0	0	1	273	0	0	95	323	1	0	76	80	0	0	0	0	99	0	0	0	0	14	4	0	155	0	0	0	0	0	164	0	158	0	32	64	0	0	6	187	0	1	34	29	0	0	35	0	32	0	0	0	0	6	4	0	0	0	0	0	159	107	52	0	0	122	149	0	121	99	4	40	1	0	0	0	0	2	0	0	121	0	0	25	0	3	9	0	0	6	0	0	0	7	0	0	
68_nodd	0	2047	2514	1	0	0	94	3362	9	0	0	1	1	0	31	429	1188	0	0	250	0	0	481	0	0	0	0	0	0	0	0	0	0	5	0	0	0	0	0	0	93	0	1	0	0	4	242	0	0	112	475	6	0	83	101	0	0	1	0	79	0	0	0	0	0	11	0	192	0	0	0	0	0	228	0	136	0	2	55	1	0	0	221	0	4	43	1	0	0	18	0	3	0	0	0	0	6	0	0	0	0	0	0	292	164	38	1	0	146	223	0	113	88	4	45	0	0	0	0	0	3	0	0	181	0	0	20	0	6	6	0	0	0	0	0	0	15	0	0	
69_nodd	0	5186	2684	0	1	0	205	1058	416	0	0	105	0	0	77	648	580	0	0	604	0	0	486	0	0	0	0	0	0	0	1	0	0	9	0	1	0	0	0	0	216	0	1	0	0	4	265	0	0	175	216	9	0	173	118	1	0	0	0	167	0	0	0	0	41	20	0	133	0	0	0	0	0	133	0	132	0	73	106	0	1	16	142	0	13	52	38	0	0	26	0	84	0	0	0	0	23	17	0	0	6	0	0	91	88	98	1	0	75	90	0	74	84	8	57	0	0	0	0	0	8	0	0	67	0	0	41	0	21	24	0	0	31	0	0	0	1	0	0	
6_nodd	0	1290	88	710	22	0	10	0	23	0	0	69	6	0	1	31	0	118	0	37	0	0	5	0	1	0	121	0	1	0	48	0	58	126	1	3	0	90	0	0	13	0	74	21	9	0	0	0	6	8	0	27	96	10	3	10	36	0	0	6	0	1	0	0	14	2	0	1	2	78	1	3	0	0	0	0	0	6	8	0	3	6	0	0	0	2	2	2	0	11	0	7	0	11	0	0	2	33	72	0	24	4	0	0	0	1	11	24	0	0	5	0	0	2	1	0	0	0	1	1	0	1	0	0	0	0	3	0	0	8	0	0	6	0	0	0	0	0	0	
70_nodd	1	7474	4175	1	2	0	364	2120	347	462	0	80	1	0	115	794	1397	120	0	646	0	0	704	0	0	0	0	0	0	2	0	0	0	86	53	0	32	21	8	0	270	0	53	0	0	2	313	0	0	255	282	29	0	199	221	8	1	1	0	189	0	4	0	0	22	30	0	230	1	0	1	0	0	178	0	176	0	65	127	29	16	22	139	9	9	70	43	0	0	37	0	52	49	0	0	0	40	25	1	0	7	0	0	107	145	109	2	18	119	178	0	129	144	5	77	0	0	0	0	0	4	0	0	103	0	0	45	0	17	21	0	0	15	0	0	0	15	0	0	
71_nodd	0	3920	2494	0	0	0	0	1379	65	0	0	14	0	0	0	401	979	0	0	315	0	0	412	0	0	0	0	0	0	0	0	0	0	7	0	0	0	0	0	0	131	0	0	0	0	0	185	0	0	115	149	0	0	118	81	0	0	1	0	98	0	0	0	0	4	4	0	120	0	0	0	0	0	109	0	70	0	8	54	0	0	1	116	0	0	34	8	0	0	12	0	15	0	0	0	0	0	1	0	0	0	0	0	94	86	56	0	0	71	136	0	81	73	6	35	0	0	0	0	0	4	0	0	72	0	0	24	0	1	2	0	0	6	0	0	0	2	0	0	
72_nodd	0	8992	4522	0	0	0	3	2327	268	1	0	43	0	0	1	693	1400	0	0	671	0	0	683	0	0	0	7	0	0	0	0	0	0	22	0	0	0	0	0	0	279	0	0	0	0	0	342	0	0	184	261	2	0	209	180	0	0	0	0	267	0	0	0	0	20	4	0	198	0	0	0	1	0	193	0	181	0	31	132	0	0	4	134	0	0	51	10	0	0	42	0	41	0	0	0	0	2	5	0	0	2	0	0	124	123	129	1	0	106	161	0	127	142	5	96	0	0	0	0	0	7	0	0	109	0	0	43	0	1	3	0	0	15	0	0	0	34	0	0	
73_nodd	0	6026	1586	1	0	0	251	479	12	29	0	0	0	0	47	226	289	3	0	253	0	0	207	0	0	0	0	0	0	0	0	0	0	17	0	0	0	1	0	0	127	0	1	0	0	1	89	0	0	54	58	15	0	114	81	0	0	2	0	91	0	1	0	0	0	10	0	54	0	0	0	0	0	50	0	49	0	6	53	0	0	0	13	0	0	17	1	0	0	11	0	12	1	0	0	0	12	1	0	0	0	0	0	5	18	44	0	0	41	16	1	53	27	6	25	0	0	0	0	0	6	0	0	23	0	0	13	0	2	2	0	1	0	0	0	0	0	0	0	
74_nodd	0	7051	2448	0	0	0	349	1659	338	7	0	76	0	0	75	522	760	1	0	492	0	0	444	0	0	0	0	0	0	0	0	0	0	12	0	0	0	2	0	0	209	0	3	0	0	3	307	0	0	141	262	16	0	168	127	1	0	2	0	131	0	2	0	0	36	19	0	198	0	0	0	0	0	146	0	163	0	50	86	0	0	8	100	0	6	40	32	0	0	45	0	59	0	0	0	0	22	1	0	0	3	0	0	66	99	70	0	3	96	72	0	133	107	9	52	0	0	0	0	0	6	0	0	74	0	0	44	0	9	24	0	0	8	0	0	0	5	0	0	
75_nodd	0	1720	448	1	0	0	1	325	31	0	0	11	0	0	0	223	159	0	0	201	0	0	174	0	0	0	0	0	0	0	0	0	0	1	0	0	0	0	0	0	93	0	1	0	0	0	164	0	0	34	94	0	0	60	40	0	0	0	0	54	0	0	0	0	9	5	0	74	0	0	0	0	0	68	0	82	0	7	28	2	0	0	47	0	0	20	4	0	0	24	0	14	0	0	0	0	1	5	0	0	1	0	0	29	46	27	0	0	37	11	0	57	56	0	18	0	0	0	0	0	3	0	0	28	0	0	12	0	1	2	0	0	3	0	0	0	8	0	0	
76_nodd	0	1747	835	0	0	0	89	1063	24	1	0	1	0	0	12	81	435	0	0	57	0	0	53	0	0	0	0	0	0	1	0	0	0	6	0	0	0	0	0	0	21	0	0	0	0	0	64	0	0	18	52	2	0	27	17	0	0	0	0	18	0	0	0	0	0	1	0	21	0	0	0	0	0	33	0	23	0	1	10	41	0	0	23	0	0	3	0	0	0	5	0	4	0	0	0	0	2	0	0	0	0	0	0	17	16	7	0	0	25	18	0	17	15	3	5	0	0	0	0	0	2	0	0	14	0	0	8	0	2	4	0	0	0	0	0	0	2	0	0	
77_nodd	0	1743	624	0	0	0	9	513	86	0	0	15	1	0	2	107	210	0	0	118	0	0	68	0	0	0	0	0	0	1	0	0	0	4	0	0	0	0	0	0	31	0	0	0	0	0	58	0	0	24	72	0	0	29	22	0	0	0	0	26	0	0	0	0	8	2	0	28	0	0	0	0	0	32	0	38	0	13	19	0	0	1	19	0	1	3	2	0	0	6	0	11	0	0	0	0	2	1	0	0	0	0	0	25	28	14	1	0	21	14	0	21	24	0	5	0	0	0	0	0	0	0	0	17	0	0	8	0	0	4	0	0	2	0	0	0	1	0	0	
78_nodd	0	1240	480	0	0	0	24	300	75	0	0	11	0	0	1	147	149	0	0	94	0	0	89	0	0	0	0	0	0	10	0	0	0	2	0	0	0	0	0	0	46	0	1	0	0	0	60	0	0	38	43	8	0	38	25	0	0	0	0	30	0	0	0	0	4	2	0	25	1	0	3	0	0	35	0	18	0	12	30	1	0	1	20	0	1	5	4	2	0	4	0	9	0	0	0	0	0	2	0	0	2	0	0	17	12	11	0	0	19	15	0	21	13	4	11	2	0	0	0	0	2	0	0	17	0	0	6	0	1	0	0	0	0	0	0	0	0	0	0	
79_nodd	0	2763	1603	1	0	0	42	1326	200	2	0	60	0	0	6	481	549	2	0	393	0	0	425	0	0	0	0	0	0	4	0	0	0	7	0	0	0	0	0	0	136	0	0	0	0	1	326	0	0	133	266	7	0	124	109	0	0	0	0	86	0	0	0	0	30	3	0	142	1	0	3	0	0	172	0	148	0	38	74	0	0	8	159	0	1	61	31	1	0	34	0	55	0	0	0	0	5	13	0	0	2	0	0	129	104	74	0	2	91	102	0	114	108	4	27	0	0	0	0	0	5	0	0	93	0	0	26	0	6	10	0	0	13	0	0	0	20	0	0	
7_nodd	213	2494	656	37	231	249	5	826	105	171	12	137	31	0	0	128	256	42	1	142	84	5	109	1	4	5	5	1	24	3	3	6	3	41	1	19	12	3	12	16	56	0	17	8	158	0	135	0	14	44	121	7	6	42	23	9	1	1	0	30	3	0	0	0	43	8	1	73	9	3	6	8	8	46	0	62	0	20	27	0	1	4	44	0	1	22	11	9	1	39	0	16	17	3	1	2	0	44	6	4	6	0	0	27	53	15	49	5	47	18	1	51	46	4	6	5	2	0	0	2	49	0	1	24	0	0	16	0	1	11	7	0	29	0	0	0	0	0	3	
80_nodd	0	2405	2532	0	0	0	1	2379	302	16	0	31	0	0	0	371	1166	0	0	265	0	0	331	0	0	0	0	0	0	0	0	0	0	7	1	0	0	0	0	0	91	0	1	0	0	0	205	0	0	104	240	4	0	76	90	2	0	0	0	98	0	0	0	0	12	3	0	127	0	0	0	0	0	133	0	86	0	30	49	0	0	1	174	0	0	35	30	0	0	26	0	21	2	0	0	0	0	2	0	0	0	0	0	146	88	37	0	0	90	170	0	72	76	4	31	0	0	0	0	0	2	0	0	123	0	0	15	0	0	4	0	0	13	0	0	0	7	0	0	
81_nodd	1	5837	1647	1	0	0	162	462	293	1	0	126	0	0	16	709	377	0	0	727	0	0	576	0	0	0	0	0	0	3	0	0	0	10	0	0	0	0	0	0	289	0	0	0	0	8	272	0	0	156	141	36	0	236	159	0	0	0	0	175	0	0	0	0	65	22	0	145	0	0	1	0	0	105	1	149	0	107	74	232	0	15	87	0	1	59	39	8	0	55	0	119	0	0	0	0	25	59	0	0	6	0	0	45	65	122	1	0	77	63	0	92	88	9	46	2	0	0	0	0	17	0	0	50	0	0	45	0	5	31	0	0	31	0	0	0	1	0	0	
82_nodd	0	2525	2788	0	0	0	199	1978	697	238	0	72	0	0	98	304	1146	61	0	198	0	0	312	0	0	0	0	0	0	20	0	0	0	31	53	0	23	10	10	0	80	0	17	8	0	3	130	0	0	97	144	10	0	65	124	9	178	0	1	69	0	5	0	0	28	13	0	127	0	0	2	0	0	109	3	69	0	49	45	101	12	26	101	8	6	24	31	0	0	29	0	32	14	0	0	0	13	9	1	0	4	0	0	71	60	35	0	7	101	150	0	45	46	3	47	0	0	0	0	0	2	0	0	105	0	0	15	0	16	13	0	1	27	0	0	0	3	0	0	
83_nodd	0	841	358	0	0	0	83	120	42	1	0	13	0	0	27	120	102	3	0	110	0	0	95	0	0	0	0	0	0	0	0	0	0	1	2	0	0	0	0	0	57	0	0	0	0	1	49	0	0	35	39	4	0	42	27	0	0	0	0	36	0	0	0	0	8	2	0	22	0	0	0	0	0	12	0	20	0	7	17	0	0	1	23	0	6	10	7	0	0	5	0	10	0	0	0	0	12	2	0	0	3	0	0	16	15	13	0	0	8	10	0	10	20	1	3	0	0	0	0	0	2	0	0	10	0	0	5	0	6	12	0	1	5	0	0	0	1	0	0	
84_nodd	0	710	715	0	0	0	18	752	34	0	0	3	0	0	5	137	358	0	0	65	0	0	118	0	0	0	1	0	0	35	0	0	0	0	0	0	0	0	0	0	24	0	0	0	0	1	38	0	0	43	90	5	0	33	23	0	0	0	0	16	0	0	0	0	3	0	0	33	1	0	7	0	0	53	1	18	0	5	10	0	0	1	47	0	1	9	5	4	0	3	0	2	0	0	0	0	2	2	0	0	0	0	0	36	25	10	0	0	26	35	0	20	13	0	6	5	0	0	0	0	1	0	0	36	0	0	6	0	0	3	0	1	0	0	0	0	1	0	0	
85_nodd	1	5731	3525	1	0	0	3	1626	882	31	0	126	0	0	1	588	851	5	0	588	0	0	493	0	0	0	0	0	0	0	0	0	0	5	4	1	2	3	0	0	188	0	3	0	0	1	258	0	0	162	221	3	0	179	155	3	0	1	0	137	0	0	0	0	56	13	0	154	0	0	0	0	0	145	0	132	0	93	102	0	1	11	128	0	0	42	75	0	0	50	0	104	1	0	0	0	0	13	0	0	1	0	0	99	99	83	0	1	83	116	0	96	94	4	75	0	0	0	0	0	7	0	0	106	0	0	31	0	2	12	0	0	41	0	0	0	3	0	0	
86_nodd	0	2207	2250	0	0	0	0	3216	35	0	0	8	0	0	0	416	1079	0	0	284	0	0	398	0	0	0	0	0	0	0	0	0	0	4	0	0	0	0	0	0	93	0	0	0	1	0	274	0	0	112	399	0	0	94	77	0	0	1	0	73	0	0	0	0	3	5	0	205	0	0	0	0	0	197	0	120	0	5	53	0	0	0	247	0	0	51	3	0	0	28	0	11	0	0	0	0	0	1	0	0	0	0	0	225	132	52	0	0	173	183	0	123	87	1	36	0	0	0	0	0	3	0	0	170	0	1	24	0	0	3	0	0	1	0	0	0	9	0	0	
87_nodd	17	5463	2453	0	1	1	222	2141	265	1	1	85	0	0	51	743	791	0	0	653	1	0	661	0	0	0	0	0	0	0	0	4	0	13	0	0	0	0	1	1	269	0	2	0	0	4	509	0	0	148	459	19	0	187	171	1	0	0	0	147	1	0	0	0	46	29	0	338	0	0	0	0	0	308	0	260	0	67	99	0	0	3	234	0	6	85	36	0	0	71	0	80	0	0	0	0	21	14	0	0	6	0	0	172	190	99	0	0	171	135	0	176	163	8	67	0	0	0	0	0	12	0	0	151	1	0	56	0	15	31	0	0	20	0	0	0	10	0	0	
88_nodd	19	14760	4864	66	1	3	327	3426	190	0	0	41	1	1	69	1051	1204	17	0	953	2	1	923	0	0	0	0	0	0	0	0	0	5	44	1	0	1	11	0	0	367	0	11	0	0	1	679	0	0	270	516	29	7	337	313	1	0	4	0	263	1	0	0	0	19	34	0	462	1	9	1	0	0	329	0	409	0	37	198	0	1	6	190	0	9	95	16	1	0	93	0	61	0	5	0	0	20	5	0	0	1	0	0	160	240	213	1	4	200	132	0	229	224	12	185	0	0	0	0	0	16	0	0	176	0	0	101	0	10	18	0	1	7	0	0	0	22	0	1	
89_nodd	12	255	175	0	0	2	7	196	1	0	3	0	0	0	0	15	66	0	0	14	0	0	10	0	0	0	0	0	0	0	0	1	0	0	0	0	0	0	0	0	7	1	0	0	0	0	13	0	1	3	23	0	0	4	1	0	0	0	0	7	0	0	1	0	0	1	0	5	0	0	0	0	1	8	0	4	0	0	3	0	0	0	10	0	0	3	0	0	0	3	0	2	0	0	0	0	0	0	0	1	0	0	0	10	4	1	0	0	3	6	0	6	4	0	0	0	0	0	0	0	1	0	0	4	0	0	3	0	0	0	0	0	0	0	0	1	0	0	0	
8_nodd	1	1967	1205	11499	2174	150	25	869	1218	11	0	811	536	0	0	92	529	476	1	48	25	0	96	31	1	0	2336	0	21	388	1370	0	1422	270	188	252	3	374	0	78	20	0	107	614	141	0	48	0	460	96	58	58	274	18	56	97	248	1	0	15	0	10	1	0	76	20	1	21	163	193	130	313	0	22	52	13	0	37	11	0	232	182	25	19	0	5	51	58	0	43	0	27	4	237	44	5	1	25	187	11	143	2	7	16	16	6	76	39	81	24	555	19	17	10	24	94	1	1	134	51	3	6	50	21	0	0	27	0	21	16	39	0	156	2	62	31	1	0	7	
90_nodd	17	7261	3890	0	4	1	71	3263	643	0	1	97	0	0	22	644	992	0	0	563	3	1	531	0	0	1	0	0	1	0	0	1	0	17	0	1	0	0	0	0	233	0	0	0	0	1	375	0	0	184	343	1	0	160	176	0	0	0	0	203	0	0	1	1	40	11	0	279	0	0	0	0	0	235	0	214	0	82	147	0	0	18	202	0	5	52	58	0	0	57	0	67	1	0	0	0	8	10	0	0	3	0	0	163	139	110	0	0	161	146	0	164	162	12	61	0	0	0	0	0	13	0	0	141	0	0	46	0	4	17	0	0	20	0	1	0	165	0	0	
91_nodd	12937	4	2	491	2604	10340	0	0	0	511	2959	376	28	1	0	0	0	37	1076	0	1124	286	0	5	296	936	30	403	1005	115	147	628	144	0	1282	319	165	16	146	747	0	0	0	143	0	0	0	0	272	0	0	0	0	0	0	117	14	0	0	0	255	0	331	393	0	0	97	0	28	0	29	71	165	0	193	0	0	0	0	0	0	0	0	205	0	0	27	35	108	0	0	0	17	17	235	1062	0	0	0	154	11	0	1	0	0	0	0	0	0	0	2	0	0	0	0	15	288	1	138	173	0	0	41	0	0	0	0	215	0	0	66	0	0	50	6	26	0	0	166	
92_nodd	12294	3	0	114	1331	1226	0	1	0	91	1197	474	0	0	2	0	0	7	679	0	288	209	0	0	148	546	24	335	231	50	117	455	44	0	739	272	40	12	68	190	0	0	0	86	0	0	0	0	40	0	0	0	0	0	0	81	0	0	0	0	315	0	437	470	0	0	76	0	6	0	23	24	16	0	285	0	0	0	0	0	0	0	0	231	0	0	59	14	123	0	0	0	6	4	39	215	0	0	0	22	3	0	0	0	0	0	0	0	0	0	0	0	0	0	0	6	94	0	153	33	0	0	7	0	0	0	0	201	0	0	40	0	0	24	2	67	0	0	18	
93_nodd	63064	4	2	845	4442	11281	1	1	0	382	4933	1126	567	0	0	0	0	38	2189	0	1756	610	0	3	386	1909	43	913	1407	215	316	1499	288	0	1633	599	134	33	132	942	1	0	0	187	0	0	0	1	110	0	0	0	0	0	0	217	4	0	0	0	563	0	591	650	0	0	230	0	103	0	150	50	55	0	313	0	0	0	0	0	0	0	0	385	0	0	83	25	363	0	0	0	15	10	106	509	0	1	0	88	16	0	1	0	0	0	0	0	0	0	0	0	0	0	0	74	234	1	132	127	0	0	63	0	0	0	0	315	0	0	51	0	1	85	118	33	0	0	67	
94_nodd	33756	2	0	581	3732	7389	0	0	0	2201	4268	1371	3	0	0	0	0	152	1924	0	1606	1824	0	4	1179	1526	581	1339	1219	81	286	1141	274	0	1101	673	959	49	1022	1001	0	0	0	498	0	0	0	0	486	0	0	0	0	0	0	325	32	0	0	0	599	0	572	530	0	0	432	1	16	0	27	216	471	0	293	0	0	1	0	0	0	0	0	343	0	0	60	109	318	0	0	0	120	15	163	343	0	0	0	261	89	0	2	0	0	0	0	0	0	0	1	0	0	0	0	20	304	1	199	152	0	19	19	0	0	0	0	249	0	0	77	0	0	181	0	105	0	1102	252	
95_nodd	47844	0	0	2060	3767	8761	0	0	1	3072	4546	1127	108	1	2	0	1	142	1953	1	1648	2200	0	2	1690	1654	165	1566	1382	48	776	1329	748	0	1170	600	1197	104	1210	1072	1	0	0	685	0	0	0	0	644	0	0	0	0	0	0	281	53	0	0	0	486	0	566	471	0	0	571	0	25	0	60	233	475	0	301	0	0	0	0	0	0	0	0	344	0	0	77	20	333	0	0	0	170	22	47	300	0	0	0	339	73	0	2	0	0	0	0	0	0	0	1	0	0	0	0	33	243	1	131	315	0	0	16	0	0	1	0	257	0	0	47	0	0	323	35	7	0	0	232	
96_nodd	32817	2	55	718	3682	7858	2	135	0	580	4250	1146	199	1	0	16	57	71	1860	0	1567	828	2	5	694	1528	542	1089	1201	204	396	1253	323	0	809	612	215	51	243	936	0	0	0	337	0	0	0	0	274	9	26	0	0	0	12	236	18	0	0	0	443	0	434	413	0	0	245	2	75	1	111	113	129	2	254	0	0	0	0	0	0	0	1	281	0	0	75	26	297	0	0	0	39	27	89	295	0	2	0	205	44	0	1	0	0	1	0	0	31	0	0	0	0	0	4	60	288	2	133	198	0	0	52	0	0	0	0	212	2	0	70	0	25	84	71	120	0	0	127	
97_nodd	42696	2	0	927	3726	5321	0	0	0	809	4569	1471	0	0	0	0	0	83	2027	0	1470	1431	0	1	1268	1758	435	1674	1195	16	701	1286	506	0	336	823	427	86	519	854	0	268	0	631	0	0	0	0	319	0	0	0	0	0	0	313	42	0	0	0	321	0	302	289	0	0	483	0	1	0	10	156	197	0	134	0	0	0	0	0	0	0	0	146	0	0	68	6	469	0	0	0	65	11	22	76	0	0	0	228	77	0	3	0	0	0	0	0	0	0	0	0	0	0	0	1	263	2	85	220	0	3	4	0	0	0	0	155	0	0	32	0	0	167	1	128	0	60	141	
98_nodd	31397	0	2	121	2202	3975	0	0	0	115	2578	723	0	1	1	0	0	11	1207	0	887	200	0	3	115	1081	3	571	680	3	72	795	48	0	130	394	51	5	78	442	0	0	0	73	0	0	0	0	20	0	0	0	0	0	0	150	1	0	0	0	80	0	93	92	0	1	85	0	0	0	1	20	21	0	46	0	0	0	0	0	0	0	0	44	0	0	28	0	241	0	0	0	5	0	2	30	0	0	0	26	7	0	1	0	0	0	0	0	0	0	0	0	0	0	0	0	110	0	21	24	0	0	0	0	0	0	0	50	0	0	7	0	1	19	0	0	0	53	29	
99_nodd	15418	0	0	249	2448	4910	0	0	0	5151	3187	833	3	0	0	0	0	366	1155	0	1211	1934	0	1	2589	1086	33	1656	1277	9	141	689	121	0	179	642	2479	42	2234	1054	0	1	0	676	0	0	0	0	1194	0	0	0	0	0	0	330	212	0	0	0	150	0	162	110	0	0	557	0	2	0	4	345	1594	0	77	0	0	0	0	0	0	0	0	93	0	0	19	5	239	0	0	0	328	4	23	70	0	0	0	532	131	0	3	0	0	0	0	0	0	0	0	0	0	0	0	2	309	1	31	59	0	0	2	0	0	0	0	68	0	0	30	0	0	291	0	1	0	0	417	
9_nodd	1	11266	1191	10949	931	3	190	385	12	1124	0	1171	193	0	14	387	188	1861	1	289	0	0	248	0	0	0	1679	0	0	27	903	0	1103	1568	1	177	115	1273	84	55	157	0	891	438	422	0	111	0	353	123	85	356	1303	82	91	241	484	7	0	71	0	40	0	0	293	62	0	50	40	928	70	232	0	40	1	54	1	3	78	0	3	2	16	1	0	29	2	73	0	160	0	25	105	453	4	0	9	315	789	0	371	26	0	14	39	28	244	219	50	5	80	41	52	23	56	38	0	2	15	1	0	33	9	7	1	0	93	0	2	94	59	0	93	1	15	20	0	0	0	
total	1011516	783492	241332	234753	199618	195719	177511	119794	113229	111333	97752	68201	63819	63512	54249	52706	51351	45821	41907	41843	41434	41202	40727	38544	34787	34351	33844	33290	30733	29389	27368	27240	26848	26172	25824	25489	25059	24963	24961	24713	22986	21688	21509	20629	18363	17854	17684	17604	17539	15798	15586	15378	14786	13940	13683	13083	12978	12203	11988	11740	11671	11542	11528	11335	11274	10974	10917	10707	10309	10246	10179	9971	9770	9299	9204	9022	8932	8491	8260	8256	8253	8222	8218	7989	7899	7888	7867	7846	7709	7692	7598	7591	7475	7400	7382	7309	7207	7128	7026	6872	6863	6836	6811	6771	6668	6628	6589	6563	6552	6550	6480	6414	6386	6249	6091	6049	6013	5980	5947	5835	5808	5796	5753	5740	5723	5721	5611	5518	5492	5492	5474	5456	5425	5412	5358	5328	5306	5305	5301