	seq_1	seq_2	seq_3	seq_4	seq_5	seq_6	seq_7	seq_8	seq_9	seq_10	seq_11	seq_12	seq_13	seq_14	seq_15	seq_16	seq_17	seq_18	seq_19	seq_20	seq_21	seq_22
100_noda	0	3	0	0	0	0	0	0	0	0	0	0	0	0	0	0	0	0	0	0	0	0	
101_noda	0	394	0	0	0	1	0	0	0	0	2	1	0	0	0	0	0	0	0	0	0	0	
102_noda	0	116	0	0	7	4	0	0	0	0	1	1	0	0	0	0	0	0	1	0	0	0	
103_noda	0	253	0	0	0	5	0	0	0	0	1	0	0	0	0	0	0	0	1	0	0	0	
104_noda	0	43	0	0	3	5	0	0	0	0	2	2	0	0	0	0	0	0	0	0	0	0	
105_noda	0	118	0	0	20	5	0	0	0	0	1	0	0	0	2	0	0	0	9	0	0	0	
106_noda	0	57	0	0	12	8	0	0	0	0	1	0	0	0	3	0	0	0	1	0	0	0	
107_noda	0	112	0	0	0	15	0	0	0	0	5	2	0	0	1	0	0	0	0	0	0	0	
108_noda	0	253	0	0	1	15	0	0	0	0	5	5	0	0	0	0	0	0	0	0	0	0	
109_noda	0	60	0	0	7	9	0	0	0	0	1	0	0	0	0	0	0	0	0	0	0	0	
10_noda	2	0	99	0	0	0	0	0	0	0	0	0	0	0	0	0	0	0	0	0	0	0	
110_noda	0	342	0	0	2	4	0	0	0	0	4	3	0	0	0	0	0	0	0	0	0	0	
111_noda	0	629	0	0	3	12	0	0	0	0	1	5	0	0	0	0	0	0	0	0	0	0	
112_noda	0	382	0	0	1	36	0	0	0	0	10	4	0	0	1	0	0	0	0	0	0	0	
113_noda	0	265	0	0	4	17	0	0	0	0	0	1	0	0	1	0	0	0	1	0	0	0	
114_noda	0	213	0	0	0	4	0	0	0	0	1	0	0	0	0	0	0	0	0	0	0	0	
115_noda	0	537	0	0	0	21	0	0	0	0	11	17	0	0	0	0	0	0	0	0	0	0	
116_noda	0	56	0	0	3	7	0	0	0	0	3	2	0	0	0	0	0	0	0	0	0	0	
117_noda	0	58	0	0	1	5	0	0	0	0	3	2	0	0	0	0	0	0	0	0	0	0	
118_noda	0	69	0	0	0	4	0	0	0	0	0	1	0	0	0	0	0	0	0	0	0	0	
119_noda	0	60	0	0	1	39	0	0	0	0	3	5	0	0	0	0	0	0	0	0	0	0	
11_noda	6	0	2	0	0	1	0	0	0	2	0	0	0	0	0	0	0	0	0	0	0	2	
120_noda	0	13	0	0	0	2	0	0	0	0	4	1	0	0	0	0	0	0	0	0	0	0	
121_noda	0	4	0	0	0	0	0	0	0	0	0	0	0	0	0	0	0	0	0	0	0	0	
122_noda	0	0	0	0	0	0	0	0	0	0	0	0	0	0	0	0	0	0	0	0	0	0	
123_noda	0	1	0	0	0	0	0	0	0	0	0	0	0	0	0	0	0	0	0	0	0	0	
124_noda	0	0	0	0	0	0	0	0	0	0	0	0	0	0	0	0	0	0	0	0	0	0	
125_noda	0	54	0	0	0	1	0	0	0	0	0	3	0	0	0	0	0	0	0	0	0	0	
126_noda	0	124	0	0	1	0	0	0	0	0	1	1	0	0	0	0	0	0	0	0	0	0	
127_noda	0	25	0	0	0	8	0	0	0	0	2	2	0	0	0	0	0	0	0	0	0	0	
128_noda	0	92	0	0	0	1	0	0	0	0	1	3	0	0	0	0	0	0	0	0	0	0	
129_noda	0	259	0	0	0	0	0	0	0	0	2	2	0	0	0	0	0	0	0	0	0	0	
12_noda	12	0	1	5	0	0	0	0	0	0	0	0	0	0	0	0	0	0	0	0	0	0	
130_noda	0	123	0	0	0	4	0	0	0	0	3	2	0	0	0	0	0	0	0	0	0	0	
131_noda	299	0	0	0	0	0	0	0	0	0	0	0	0	1	0	0	0	0	0	0	0	0	
132_noda	12	1	0	0	7	0	0	0	0	0	0	0	0	1	1	0	0	0	0	1	0	0	
133_noda	203	0	0	0	21	0	0	0	0	0	0	0	0	6	5	2	0	1	0	4	0	0	
134_noda	90	0	0	0	3	0	0	0	0	0	0	0	0	1	1	0	0	1	0	0	0	0	
135_noda	85	0	0	0	1	0	0	0	0	0	0	0	0	1	0	0	0	0	1	0	0	0	
136_noda	84	1	0	0	5	0	0	0	0	0	0	0	0	1	1	0	0	0	1	0	0	0	
137_noda	47	0	0	0	3	0	0	0	0	0	0	0	0	0	0	1	0	0	0	0	0	0	
138_noda	8	0	0	0	0	0	0	0	0	0	0	0	0	0	0	0	0	0	0	0	0	0	
139_noda	254	0	0	0	4	0	0	0	0	0	0	0	0	1	0	2	0	0	0	0	0	0	
13_noda	25	0	0	251	1	0	66	1	2	0	0	0	0	0	0	0	4	0	0	0	1	0	
140_noda	96	0	0	0	0	0	0	0	0	0	0	0	0	3	1	1	0	0	0	0	0	0	
141_noda	554	0	0	0	0	0	0	3	0	0	0	0	0	1	0	0	0	0	0	0	0	0	
142_noda	117	0	0	0	2	0	0	0	0	0	0	0	0	2	1	1	0	0	0	0	0	0	
143_noda	500	0	0	0	0	0	0	0	0	0	0	0	0	0	0	0	0	1	0	0	0	0	
144_noda	131	0	0	0	1	0	0	0	0	0	0	0	0	0	0	2	0	1	0	0	0	0	
145_noda	79	0	0	0	4	0	0	0	0	0	0	0	0	1	1	2	0	1	0	0	0	0	
146_noda	268	0	0	0	4	0	0	0	0	0	0	0	0	2	1	3	0	1	0	0	0	0	
147_noda	55	0	0	0	16	0	0	0	0	0	0	0	0	1	2	3	0	0	0	0	0	0	
148_noda	347	0	0	0	4	0	0	0	0	0	0	0	0	1	1	2	0	0	0	0	0	0	
149_noda	38	0	0	0	1	0	0	0	0	0	0	0	0	3	0	0	0	0	0	0	0	0	
14_noda	1	0	1	0	31	0	0	24	1	0	0	0	0	0	3	0	0	0	0	0	0	0	
150_noda	228	0	0	0	3	0	0	0	0	0	0	0	0	1	1	2	0	1	0	0	0	0	
151_noda	206	0	0	0	0	0	0	3	0	0	0	0	0	0	0	0	0	0	0	0	0	0	
152_noda	92	0	0	0	0	0	0	0	0	0	0	0	0	0	0	1	0	0	0	0	0	0	
153_noda	50	0	0	0	1	0	0	0	0	0	0	0	0	2	2	0	0	1	0	0	0	0	
154_noda	150	0	0	0	5	0	0	0	0	0	0	0	0	3	2	1	0	0	0	0	0	0	
155_noda	197	0	0	0	1	0	0	0	0	0	0	0	0	0	0	0	0	1	0	0	0	0	
156_noda	112	0	0	0	12	0	0	1	0	0	0	0	0	1	1	0	0	0	0	0	0	0	
157_noda	156	0	0	0	4	0	0	0	0	0	0	0	0	3	0	3	0	1	0	0	0	0	
158_noda	139	1	0	0	24	0	0	0	0	0	0	0	0	2	4	2	0	2	0	0	0	0	
159_noda	187	0	0	0	4	0	0	0	0	0	0	0	0	1	1	1	0	4	0	0	0	0	
15_noda	9	0	0	0	12	0	0	0	99	0	0	0	0	0	2	0	0	2	0	1	0	0	
160_noda	84	0	0	0	4	0	0	0	0	0	0	0	0	0	0	1	0	1	0	1	0	0	
161_noda	57	2	0	0	8	1	0	0	0	0	0	0	0	1	2	2	0	3	0	0	0	0	
162_noda	196	0	0	0	2	0	0	0	0	0	0	0	0	1	0	0	0	1	0	0	0	0	
163_noda	460	0	0	0	95	0	0	0	0	0	0	0	0	17	3	9	0	0	0	2	0	0	
164_noda	9	0	0	0	0	0	0	0	0	0	0	0	0	0	0	0	0	0	0	0	0	0	
165_noda	126	0	0	0	0	0	0	0	0	0	0	0	0	0	0	0	0	0	0	3	0	0	
166_noda	33	0	0	0	0	0	0	0	0	0	0	0	0	0	0	1	0	0	0	0	0	0	
167_noda	2	0	0	0	1	0	0	0	0	0	0	0	0	0	0	0	0	0	0	0	0	0	
168_noda	3	0	0	0	0	0	0	0	0	0	0	0	0	0	0	0	0	0	0	0	0	0	
169_noda	30	0	0	0	3	0	0	0	0	0	0	0	0	0	0	1	0	0	0	0	0	0	
16_noda	3	0	49	0	0	0	0	0	2	3	0	0	1	0	0	0	1	0	0	0	0	12	
170_noda	88	0	0	0	2	0	0	0	0	0	0	0	0	0	0	0	0	0	0	0	0	0	
17_noda	15	0	2	0	0	0	0	2	0	0	0	0	0	1	0	0	0	0	0	0	0	0	
18_noda	0	0	0	0	0	0	0	0	0	0	0	0	0	0	0	0	0	0	0	0	0	0	
19_noda	0	0	0	0	0	0	0	0	0	0	0	0	0	0	0	0	0	0	0	0	0	0	
1_noda	29	0	1	2	0	0	0	0	1	3	0	0	0	0	0	0	0	0	0	0	0	0	
20_noda	2	0	22	0	0	0	0	0	1	0	0	0	2	0	0	0	0	0	0	0	0	0	
21_noda	1	0	0	0	0	0	0	0	0	0	0	0	0	0	0	0	0	0	0	0	0	0	
22_noda	0	0	0	0	0	0	0	0	0	0	0	0	0	0	0	0	0	0	0	0	0	0	
23_noda	2	0	0	0	0	0	0	0	1	0	0	0	0	0	0	0	0	0	0	0	0	0	
24_noda	0	0	20	0	7	0	0	0	0	17	0	0	0	0	0	0	0	0	0	3	0	0	
25_noda	0	0	5	0	0	1	0	0	0	33	0	0	0	0	0	0	0	0	0	0	0	0	
26_noda	0	0	11	0	0	0	0	0	0	27	0	0	0	0	0	0	0	0	0	0	0	0	
27_noda	1	0	7	0	0	0	0	0	0	6	0	0	0	0	0	0	0	0	0	0	0	0	
28_noda	0	0	2	0	0	0	0	4	2	0	0	0	0	0	0	0	0	0	0	0	0	3	
29_noda	1	0	0	0	13	0	0	5	0	0	0	0	0	0	2	0	0	0	0	0	0	0	
2_noda	4	0	13	0	0	0	0	2	0	2	0	0	1	0	0	0	1	0	0	0	0	0	
30_noda	157	0	0	0	7	0	0	6	24	0	0	0	1	1	0	1	0	0	0	0	0	1	
31_noda	0	0	32	0	0	0	0	0	0	14	0	0	2	0	0	0	0	0	0	0	0	0	
32_noda	0	0	202	1	0	0	0	0	0	3	0	0	3	0	0	0	1	0	0	0	0	0	
33_noda	2	0	2	0	28	0	0	8	7	3	0	0	1	0	3	0	0	0	0	1	0	0	
34_noda	7	0	0	0	4	0	0	9	2	21	0	0	80	0	2	0	0	0	0	1	0	0	
35_noda	1	0	22	0	0	1	0	0	0	0	0	0	9	0	0	0	0	0	0	2	0	0	
36_noda	2	0	1	0	48	0	0	7	1	1	0	0	0	0	2	0	0	0	0	0	0	0	
37_noda	0	0	0	0	42	0	0	52	0	0	0	0	0	0	0	0	0	0	0	0	0	0	
38_noda	1	0	1	0	0	0	0	0	11	0	0	0	0	0	0	0	0	0	0	1	0	0	
39_noda	127	0	0	0	9	0	0	36	0	0	0	0	0	2	1	1	0	1	0	0	0	0	
3_noda	0	0	0	0	0	0	0	0	0	0	0	0	0	0	0	0	0	0	0	0	0	0	
40_noda	5	0	149	0	0	2	0	0	0	5	0	0	2	0	0	0	1	0	0	0	0	0	
41_noda	0	0	8	0	0	0	0	0	0	5	0	0	5	0	0	0	0	0	0	0	0	0	
42_noda	0	0	100	0	0	0	0	0	0	3	0	0	0	0	0	0	0	0	0	0	0	0	
43_noda	2	0	0	0	8	0	0	1	1	0	0	0	0	0	0	0	0	0	0	0	0	0	
44_noda	1	0	0	0	4	0	0	1	0	0	0	0	0	0	0	0	0	0	0	0	0	0	
45_noda	2	0	0	0	0	0	0	0	0	0	0	0	0	0	0	0	0	0	0	0	0	0	
46_noda	1	0	1	0	0	0	0	1	0	0	0	0	0	0	0	0	0	0	0	0	0	0	
47_noda	0	0	0	0	0	0	0	0	0	0	0	0	0	0	0	0	0	0	0	0	0	0	
48_noda	0	0	0	0	0	0	0	0	0	0	0	0	0	0	0	0	0	0	0	0	0	0	
49_noda	11	0	13	0	0	0	0	0	0	0	0	0	0	0	0	0	1	0	0	0	0	0	
4_noda	7	0	0	0	0	0	0	0	1	0	0	0	0	0	0	0	0	0	0	0	0	0	
50_noda	0	0	0	0	0	1	0	0	0	0	0	0	0	0	0	0	0	0	0	0	0	0	
51_noda	9	0	0	23	0	0	2	0	0	0	0	0	0	0	0	0	0	0	0	0	0	0	
52_noda	18	0	0	2	0	0	1	0	0	0	0	0	0	0	0	0	1	0	0	0	0	0	
53_noda	170	0	0	74	0	0	1	0	0	0	0	0	0	0	0	0	1	0	0	0	2	0	
54_noda	43	0	0	18	0	0	5	0	0	0	0	0	0	0	0	0	0	0	0	0	1	0	
55_noda	45	0	0	99	1	0	21	0	0	0	0	0	0	0	0	0	6	0	0	0	3	0	
56_noda	5	0	0	1	0	0	1	0	0	0	0	0	0	0	0	0	1	0	0	0	0	0	
57_noda	5	0	0	9	0	0	1	0	0	0	0	0	0	0	0	0	0	0	0	0	0	0	
58_noda	0	0	0	7	0	0	2	0	0	0	0	0	0	0	0	0	0	0	0	0	0	0	
59_noda	85	0	0	23	0	0	12	0	0	0	0	0	0	0	0	0	2	0	0	0	1	0	
5_noda	0	0	2	1	0	0	1	0	0	0	0	0	0	0	0	0	0	0	0	0	0	0	
60_noda	3	0	0	0	0	0	0	0	0	0	0	0	0	0	0	0	0	0	0	0	0	0	
61_noda	1	0	0	17	0	0	5	0	0	0	0	0	0	0	0	0	0	0	0	0	0	0	
62_noda	9	0	0	4	0	0	5	0	0	0	0	0	0	0	0	0	0	0	0	0	0	0	
63_noda	1	0	0	5	0	0	2	0	0	0	0	0	0	0	0	0	0	0	0	0	0	0	
64_noda	1	0	0	1	0	0	1	0	0	0	0	0	0	0	0	0	0	0	0	0	0	0	
65_noda	25	0	0	43	0	0	26	0	0	0	0	0	0	0	0	0	3	0	0	0	2	0	
66_noda	3	0	0	10	0	0	3	0	0	0	0	0	0	0	0	0	0	0	0	0	2	0	
67_noda	0	0	0	10	0	0	2	0	0	0	0	0	0	0	0	0	1	0	0	0	1	0	
68_noda	1	0	0	21	0	0	19	0	0	0	0	0	0	0	0	0	1	0	0	0	0	0	
69_noda	14	0	0	2	0	0	1	0	0	0	0	0	0	0	0	0	0	0	0	0	0	0	
6_noda	2	0	0	0	0	0	0	0	0	0	0	0	0	0	0	0	0	0	0	0	0	0	
70_noda	18	0	0	9	0	0	3	0	0	0	0	0	0	0	0	0	0	0	0	0	0	0	
71_noda	8	0	0	7	0	0	4	0	0	0	0	0	0	0	0	0	0	0	0	0	1	0	
72_noda	22	0	0	6	0	0	1	0	0	0	0	0	0	0	0	0	2	0	0	0	0	0	
73_noda	21	0	0	1	0	0	0	0	0	0	0	0	0	0	0	0	0	0	0	0	0	0	
74_noda	5	0	0	1	0	0	0	0	0	0	0	0	0	0	0	0	0	0	0	0	0	0	
75_noda	0	0	0	0	0	0	0	0	0	0	0	0	0	0	0	0	0	0	0	0	0	0	
76_noda	2	0	0	1	0	0	1	0	0	0	0	0	0	0	0	0	0	0	0	0	0	0	
77_noda	0	0	0	0	0	0	0	0	0	0	0	0	0	0	0	0	0	0	0	0	0	0	
78_noda	0	0	0	1	0	0	0	0	0	0	0	0	0	0	0	0	0	0	0	0	0	0	
79_noda	1	0	0	2	0	0	0	0	0	0	0	0	0	0	0	0	0	0	0	0	1	0	
7_noda	0	0	0	0	0	0	0	0	0	0	0	0	0	0	0	0	0	0	0	0	0	0	
80_noda	3	0	0	5	0	0	2	0	0	0	0	0	0	0	0	0	0	0	0	0	0	0	
81_noda	12	0	0	1	0	0	0	0	0	0	0	0	0	0	0	0	1	0	0	0	0	0	
82_noda	1	0	0	3	0	0	1	0	0	0	0	0	0	0	0	0	1	0	0	0	3	0	
83_noda	3	0	0	0	0	0	0	0	0	0	0	0	0	0	0	0	0	0	0	0	0	0	
84_noda	0	0	0	0	0	0	1	0	0	0	0	0	0	0	0	0	0	0	0	0	0	0	
85_noda	12	0	0	4	0	0	3	0	0	0	0	0	0	0	0	0	0	0	0	0	0	0	
86_noda	0	0	0	14	0	0	7	0	0	0	0	0	0	0	0	0	0	0	0	0	0	0	
87_noda	5	0	0	6	0	0	5	0	0	0	0	0	0	0	0	0	0	0	0	0	0	0	
88_noda	44	0	0	24	0	0	3	0	0	0	0	0	0	0	0	0	2	0	0	0	0	0	
89_noda	0	0	0	0	0	0	0	0	0	0	0	0	0	0	0	0	0	0	0	0	0	0	
8_noda	1	0	1	3	9	0	0	9	0	0	0	0	0	0	1	0	0	0	0	0	0	0	
90_noda	12	0	0	7	0	0	8	0	0	0	0	0	0	0	0	0	0	0	0	0	0	0	
91_noda	0	69	0	0	0	67	0	0	0	0	13	6	0	0	2	0	0	0	0	0	0	0	
92_noda	0	117	0	0	0	6	0	0	0	0	6	2	0	0	0	0	0	0	0	0	0	0	
93_noda	0	384	2	0	0	30	0	0	0	0	5	6	0	0	0	0	0	0	0	0	0	0	
94_noda	0	326	0	0	2	14	0	0	0	0	7	8	0	0	0	0	0	0	2	0	0	0	
95_noda	0	472	0	0	4	21	0	0	0	0	6	7	0	0	1	0	0	0	2	0	0	0	
96_noda	0	197	1	0	0	14	0	0	0	0	6	7	0	0	0	0	0	0	1	0	0	0	
97_noda	0	330	0	0	0	14	0	0	0	0	4	10	0	0	1	0	0	0	1	0	0	0	
98_noda	0	247	0	0	0	4	0	0	0	0	2	3	0	0	0	0	0	0	0	0	0	0	
99_noda	0	36	0	0	4	6	0	0	0	0	2	2	0	0	0	0	0	0	0	0	0	0	
9_noda	17	0	6	1	30	0	0	7	0	0	0	0	0	0	0	0	0	1	0	0	1	0	
total	6938	6898	778	725	575	415	216	182	156	148	119	116	107	62	59	45	31	25	21	20	19	18
seconds	5	8	2	6	56	54	6	4	1	4	21	19	0	9	18	14	1	5	12	5	1	1