	seqr_1	seqr_2	seqr_3	seqr_4	seqr_5	seqr_6	seqr_7	seqr_8	seqr_9	seqr_10	seqr_11	seqr_12	seqr_13	seqr_14	seqr_15	seqr_16	seqr_17	seqr_18	seqr_19	seqr_20	seqr_21	seqr_22	seqr_23	seqr_24	seqr_25	seqr_26	seqr_27	seqr_28	seqr_29	seqr_30	seqr_31	seqr_32	seqr_33	seqr_34	seqr_35	seqr_36	seqr_37	seqr_38	seqr_39	seqr_40	seqr_41	seqr_42	seqr_43	seqr_44	seqr_45	seqr_46	seqr_47	seqr_48	seqr_49	seqr_50	seqr_51	seqr_52	seqr_53	seqr_54	seqr_55	seqr_56	seqr_57	seqr_58	seqr_59	seqr_60	seqr_61	seqr_62	seqr_63	seqr_64	seqr_65	seqr_66	seqr_67	seqr_68	seqr_69	seqr_70	seqr_71	seqr_72	seqr_73	seqr_74	seqr_75	seqr_76	seqr_77	seqr_78	seqr_79	seqr_80	seqr_81	seqr_82	seqr_83	seqr_84	seqr_85	seqr_86	seqr_87	seqr_88	seqr_89	seqr_90	seqr_91	seqr_92	seqr_93	seqr_94	seqr_95	seqr_96	seqr_97	seqr_98	seqr_99	seqr_100	seqr_101	seqr_102	seqr_103	seqr_104	seqr_105	seqr_106	seqr_107	seqr_108	seqr_109	seqr_110	seqr_111	seqr_112	seqr_113	seqr_114	seqr_115	seqr_116	seqr_117	seqr_118
100_noda	1	2320	380	0	0	669	0	310	317	160	14	0	0	0	1	0	160	3	0	31	173	5	151	0	0	0	0	0	0	0	0	0	0	0	1	0	0	0	0	89	1	0	57	0	55	0	0	14	0	0	75	0	0	0	1	0	0	0	0	29	0	0	0	0	0	0	1	0	0	37	0	1	0	0	2	0	38	2	27	0	0	0	38	0	31	1	0	0	0	0	0	0	29	0	2	32	5	23	27	0	0	0	0	3	0	3	2	0	0	0	0	0	28	24	15	0	22	0	
101_noda	0	33779	71	0	366	2208	0	1730	1572	38	0	0	0	0	0	2	1288	1	0	5	25	0	74	0	0	0	21	0	0	0	0	0	0	0	0	0	180	17	0	11	2	0	20	0	77	0	0	5	0	0	16	1	0	0	0	0	20	26	0	90	0	0	0	0	0	0	0	0	0	14	0	0	0	0	0	0	5	0	17	0	10	9	6	12	765	2324	0	0	35	2	0	0	66	0	2	3	0	5	2	0	0	0	0	0	0	0	12	0	0	2	0	0	6	2	2	0	3	0	
102_noda	0	16846	4260	0	107	2573	0	1292	1101	1252	0	38	0	1	0	1	1451	2	0	178	1425	21	1253	1	0	0	9	0	0	0	3	3	0	0	1	0	46	0	0	607	2	0	516	0	243	1	0	168	0	0	611	2	0	3	0	0	10	6	0	165	0	0	0	0	1	0	0	0	0	291	0	0	0	0	0	0	205	8	220	0	11	16	299	9	206	0	0	0	13	12	0	0	131	0	2	253	4	135	117	0	0	0	0	0	0	21	6	0	0	1	0	0	228	108	112	0	197	0	
103_noda	0	25293	1821	0	0	2370	0	1980	1866	740	22	0	0	0	0	0	1360	1	0	113	896	6	1261	0	0	0	0	0	0	0	3	0	0	0	1	0	0	0	0	523	0	0	565	0	116	0	0	135	0	0	557	2	0	0	0	0	0	0	0	134	0	0	0	0	0	0	1	0	0	360	0	4	0	0	3	0	110	5	331	0	5	14	311	0	200	0	0	0	0	0	0	0	106	0	0	203	1	87	109	0	0	0	0	7	0	17	8	0	0	0	0	0	168	98	103	0	196	0	
104_noda	0	9823	1646	0	34	4849	0	2267	2212	668	37	3	0	1	1	2	745	12	0	150	803	5	680	0	0	0	2	0	1	0	5	0	0	0	0	0	16	0	0	498	5	0	298	0	388	3	0	85	0	1	344	4	0	4	0	0	1	10	0	220	0	0	0	0	0	0	1	0	0	251	0	1	0	0	13	0	293	3	187	0	13	8	192	1	101	2	0	0	4	5	0	0	197	0	1	125	6	198	181	0	0	0	0	18	0	16	14	0	0	1	0	0	121	176	174	0	129	0	
105_noda	1	18648	6880	0	440	2668	0	1398	1318	1942	46	1	0	1	0	15	2407	15	0	234	2194	33	2031	0	0	0	76	0	0	0	6	0	0	0	3	0	181	0	0	901	2	0	959	0	334	0	0	268	0	0	958	2	0	1	2	0	41	23	0	240	0	0	0	0	0	0	5	0	0	421	0	6	0	0	3	0	227	17	363	0	5	11	500	17	500	710	0	0	36	77	0	0	161	1	6	382	4	209	189	0	0	0	0	14	0	55	5	0	1	4	0	0	372	192	144	0	292	0	
106_noda	2	11877	6812	0	2	5639	0	1974	2068	1800	0	2	0	2	0	1	1491	27	0	253	2285	40	1395	0	0	0	0	1	0	0	12	0	0	0	1	0	0	0	0	856	2	0	768	0	707	3	0	177	0	0	781	5	0	4	0	0	0	0	0	376	0	0	0	0	0	0	0	0	0	334	1	0	0	0	0	0	628	26	280	0	8	13	369	0	265	0	0	0	0	0	0	0	322	0	3	321	2	437	474	0	0	0	0	0	0	60	9	0	0	0	0	0	256	289	285	0	256	0	
107_noda	2	17426	1769	0	228	5558	0	2784	2693	673	98	0	0	3	2	5	998	5	0	118	951	2	909	0	0	0	21	0	0	0	3	1	0	0	0	0	133	0	0	573	7	1	365	0	311	0	0	78	0	1	368	1	0	0	6	0	17	36	0	171	0	0	0	0	0	0	1	0	0	265	0	6	0	0	19	0	269	5	251	0	20	8	204	20	116	0	0	0	21	19	0	0	176	0	0	142	5	149	146	0	0	0	0	51	0	13	7	0	3	1	0	0	125	182	183	0	124	0	
108_noda	0	25134	2670	0	0	7093	0	3850	3768	1016	28	0	0	2	0	3	1439	7	0	189	1362	20	1366	0	0	0	0	0	0	0	4	0	0	0	0	0	0	0	0	851	6	0	661	0	464	1	0	121	0	0	608	1	0	2	2	0	0	0	0	283	0	0	0	0	0	0	1	0	0	393	0	1	0	0	4	0	389	9	363	0	19	22	310	0	180	0	0	0	0	0	0	0	260	0	4	205	4	216	228	0	0	0	0	17	0	15	11	0	0	0	0	0	241	264	267	0	252	0	
109_noda	0	10556	4262	2	34	4521	0	1278	1295	1136	253	3	0	2	4	3	1026	19	0	148	1303	21	862	0	0	0	11	0	2	0	5	0	0	0	0	0	16	0	0	508	2	0	330	0	486	0	0	94	0	3	363	4	0	2	11	0	3	1	0	195	0	0	0	0	0	0	12	1	0	131	0	20	0	0	29	0	326	19	118	1	11	12	189	1	124	34	0	0	7	5	0	0	149	0	0	135	16	216	196	0	0	0	0	103	0	37	5	0	0	0	0	0	144	132	118	0	120	0	
10_noda	2734	0	142	284	16454	84	163	4	0	35	420	765	45	60	392	603	0	5	641	26	6	306	0	173	27	38	1538	7	149	254	3	195	25	113	11	197	449	564	10	3	0	7	0	12	38	8	15	83	131	47	0	87	147	2	48	9	699	260	0	1	16	255	12	0	63	15	10	11	11	0	1	5	0	707	68	6	7	4	0	175	152	0	0	606	0	0	47	7	463	124	249	1	0	732	1	0	8	3	5	18	12	120	1	29	18	0	25	2	125	210	26	8	0	1	0	8	0	166	
110_noda	1	30426	1170	0	0	3859	0	3157	2984	567	419	142	0	0	8	0	1308	3	0	95	666	1	1088	60	0	0	0	0	0	0	5	8	0	0	2	0	0	0	0	514	2	0	401	0	201	0	0	104	8	4	428	2	0	3	39	0	0	0	0	304	0	0	0	0	1	0	9	0	0	316	0	13	0	0	73	0	108	9	265	0	13	20	212	0	135	0	0	0	0	0	0	0	126	0	2	131	5	88	109	0	0	0	0	275	1	4	29	0	0	0	0	0	130	117	120	0	145	0	
111_noda	2	43583	2388	0	391	5976	0	2941	2615	740	2	2	0	0	0	5	1078	2	0	82	909	3	980	0	0	0	21	0	1	0	0	0	0	0	0	0	165	1	0	441	4	0	372	0	147	0	0	103	0	0	403	0	0	1	0	0	23	28	0	90	0	0	0	0	0	0	0	0	0	191	0	0	0	0	0	0	142	2	172	0	17	19	240	12	135	0	0	0	27	10	0	0	79	0	0	151	0	76	69	0	0	0	0	0	0	8	9	0	0	1	0	0	156	73	74	0	110	0	
112_noda	0	32477	1350	0	0	9775	0	4995	4883	564	110	5	0	0	3	0	1225	5	0	113	672	2	789	0	0	0	0	0	1	0	3	0	0	0	1	0	1	0	0	471	4	0	311	0	410	1	0	61	0	5	300	1	0	4	9	0	0	0	0	269	0	0	0	0	1	0	1	0	0	254	1	3	0	0	35	0	247	3	204	0	21	17	157	0	320	712	0	0	0	0	0	0	232	0	1	104	4	134	137	0	0	0	0	85	0	3	15	0	0	0	0	0	133	168	169	0	103	0	
113_noda	1	26183	3044	0	1171	5996	0	3048	2813	1057	1	369	0	2	0	23	1398	4	0	146	1213	11	1197	0	0	0	116	0	0	0	4	25	0	0	0	0	516	0	1	680	3	0	546	0	362	1	0	149	0	1	483	1	0	3	0	0	74	102	0	208	0	8	0	0	0	0	0	0	0	314	0	0	0	0	0	0	257	4	265	0	10	13	285	68	189	0	0	0	110	74	4	0	179	0	0	191	4	168	148	0	0	0	0	0	0	15	10	0	0	5	0	0	209	173	180	0	208	0	
114_noda	0	23713	1118	0	648	2954	0	1930	1793	383	0	2	0	0	0	9	716	1	0	61	513	3	723	0	0	0	36	0	0	0	2	0	0	0	0	0	305	0	0	342	3	0	266	0	107	0	0	61	0	0	275	0	0	0	0	0	38	45	0	87	0	0	0	0	0	0	0	0	0	172	0	0	0	0	1	0	76	6	157	0	9	10	154	29	104	0	0	0	71	19	0	0	59	0	0	122	0	52	58	0	0	0	0	0	0	7	7	0	0	0	0	0	97	58	65	0	103	0	
115_noda	2	37849	858	0	0	8718	0	5999	5932	492	0	82	0	0	0	0	847	1	0	81	506	2	858	95	0	0	0	0	0	0	1	4	0	0	0	1	1	0	0	461	8	0	305	0	207	0	0	60	2	0	295	1	0	1	4	1	0	0	0	141	0	0	0	0	0	0	0	0	0	288	0	0	0	0	1	0	168	2	244	1	16	26	192	0	117	0	0	0	0	0	0	0	160	0	2	109	2	121	101	0	0	0	0	0	0	2	37	0	0	0	1	0	112	179	159	0	138	0	
116_noda	0	11558	1308	0	4	4102	0	2219	1987	399	9	2	0	2	0	0	529	1	0	83	527	3	487	0	0	0	0	0	0	0	1	0	0	0	1	0	0	0	0	244	2	0	264	0	189	0	0	80	0	0	243	2	0	1	0	0	0	0	0	130	0	0	0	0	0	0	0	0	0	151	0	0	0	0	3	0	175	6	136	0	9	8	168	0	92	0	0	0	0	0	0	0	112	0	0	121	3	119	118	0	0	0	0	7	0	12	6	0	0	0	0	0	114	125	114	0	92	0	
117_noda	0	12191	117	0	0	3970	0	2935	2591	59	291	84	0	0	7	0	312	0	0	13	51	0	86	48	0	0	0	0	0	0	1	4	0	0	0	0	0	0	0	41	2	0	49	0	137	0	0	8	5	3	34	1	0	0	24	0	0	0	0	176	0	0	0	0	0	0	4	0	0	34	0	3	0	0	128	0	29	0	35	0	14	15	28	0	16	0	0	0	0	0	0	0	71	0	1	19	0	20	29	0	0	0	0	202	0	3	52	0	0	0	2	0	14	29	24	0	10	0	
118_noda	3	13487	1389	0	0	3512	0	2184	2167	565	344	0	0	2	12	0	1045	10	0	100	565	5	661	0	0	0	0	0	0	0	7	0	0	0	0	0	0	0	0	313	2	0	343	0	290	0	0	80	0	5	309	2	0	6	23	0	0	0	0	292	0	0	0	0	0	0	18	1	0	214	0	24	0	0	78	0	144	7	203	0	14	21	188	0	309	613	0	0	0	0	0	0	194	0	2	126	13	107	150	0	0	0	0	172	0	12	18	0	0	0	0	0	101	117	132	0	116	0	
119_noda	0	12736	710	0	0	8935	0	3223	3092	251	35	0	0	0	1	0	571	1	0	72	275	1	196	0	0	0	0	0	1	0	1	0	0	0	0	0	0	0	0	146	2	0	114	0	413	1	0	34	0	0	122	1	0	1	2	0	0	0	0	196	0	0	0	0	0	0	0	0	0	67	0	1	0	0	6	0	171	2	75	0	19	11	59	0	276	1244	0	0	0	0	0	0	159	0	0	40	0	113	104	0	0	0	0	19	0	1	14	0	0	0	0	0	43	66	65	0	40	0	
11_noda	2149	0	157	577	3760	388	319	55	1	44	596	2698	15	21	39	200	0	4	322	16	18	6	0	2553	79	59	520	5	380	117	10	572	59	108	10	192	471	1	26	3	4	7	0	13	102	4	50	6	252	180	0	105	73	12	665	6	308	345	6	9	25	401	49	2	372	26	2	6	15	0	0	6	0	279	105	9	6	4	0	434	350	0	0	331	0	0	319	12	241	20	277	2	0	296	0	0	1	8	6	32	8	300	0	139	497	1	422	12	96	92	383	17	0	1	0	10	0	25	
120_noda	3	5017	684	0	0	2803	0	1727	1607	289	11	1	0	1	1	0	360	7	0	80	291	3	304	101	0	0	0	0	0	0	4	0	0	0	1	0	0	0	0	169	2	0	190	0	206	0	0	38	0	0	170	1	0	2	14	0	0	0	0	162	0	0	0	0	1	0	5	0	0	174	0	1	0	0	6	0	162	4	113	0	13	15	104	0	98	0	0	0	0	0	0	0	123	0	1	84	0	107	143	0	0	0	0	9	0	6	63	0	0	0	3	0	48	129	137	0	74	0	
121_noda	0	2406	261	0	9	458	0	380	389	129	0	0	0	1	0	1	184	1	0	17	128	0	165	13	0	0	3	0	0	0	0	0	0	0	0	0	2	0	0	74	0	0	89	0	36	0	0	22	0	0	74	0	0	0	1	0	0	1	0	50	0	0	0	0	0	0	0	0	0	70	0	0	0	0	1	0	30	1	43	0	5	3	43	0	36	0	0	0	3	2	0	0	36	0	1	27	2	27	21	0	0	0	0	0	0	1	5	0	0	0	0	0	24	21	26	0	33	0	
122_noda	2	2208	90	0	1	322	0	273	224	39	3	53	0	0	0	0	78	1	0	12	37	1	61	253	0	0	0	0	0	0	0	1	0	0	0	0	0	0	0	25	0	0	38	0	7	0	0	10	1	0	26	0	0	0	15	0	0	0	0	15	0	0	0	0	0	0	0	0	0	25	0	0	0	0	1	0	12	0	19	0	1	5	14	0	12	1	0	0	0	0	0	0	12	0	0	11	1	5	5	0	0	0	0	4	5	1	52	0	0	0	2	0	6	11	7	0	13	0	
123_noda	4	1977	301	0	0	175	0	111	109	101	1	8	1	1	0	0	187	0	0	10	93	2	131	0	0	0	0	0	0	0	1	0	0	0	0	0	0	0	0	62	0	0	57	0	15	0	0	13	0	0	63	0	0	0	0	0	0	0	0	13	0	0	0	0	0	0	0	0	0	27	0	0	0	0	0	0	10	1	42	0	1	1	23	0	41	57	0	0	0	0	0	0	8	0	0	23	0	8	6	0	0	0	0	0	0	2	0	0	0	0	0	0	25	13	10	0	19	0	
124_noda	4	1407	246	0	0	470	0	268	288	90	3	0	1	0	0	0	99	0	0	10	74	1	104	0	0	0	0	0	0	0	0	0	0	0	0	0	3	7	0	52	1	0	46	0	42	0	0	6	0	0	38	0	0	0	1	0	0	1	0	25	0	0	0	0	0	0	1	0	0	24	0	0	0	0	0	0	38	0	32	0	2	3	25	0	10	11	0	0	0	1	0	0	18	0	0	18	0	20	20	0	0	0	0	4	0	3	2	0	0	0	0	0	16	15	15	0	10	0	
125_noda	4	9635	450	0	1	1331	0	1295	1190	187	0	22	0	1	0	0	447	1	0	34	209	2	402	0	0	0	0	0	1	0	2	1	0	0	0	0	0	0	0	170	1	0	176	0	54	1	0	40	0	0	127	0	0	1	0	0	0	1	0	65	0	0	0	0	0	0	0	0	0	147	0	0	0	0	0	0	53	2	138	0	3	10	82	0	62	0	0	0	1	0	0	0	84	0	0	68	0	46	55	0	0	0	0	0	0	2	4	0	0	0	0	0	50	71	51	0	78	0	
126_noda	5	18048	440	0	0	1639	0	1883	1808	198	16	0	0	0	0	0	553	0	0	42	234	3	539	21	0	0	0	0	0	0	1	0	0	0	0	0	0	1	0	195	1	0	241	0	57	0	0	41	1	0	204	0	0	1	4	0	0	0	0	70	0	0	0	1	0	0	0	0	0	244	1	0	0	0	3	0	37	1	177	0	6	8	140	0	78	0	0	0	0	0	0	0	71	0	0	75	1	41	36	0	0	0	0	4	0	5	12	0	0	0	0	0	57	74	57	0	97	0	
127_noda	12	9192	1583	0	482	3958	0	2150	1885	605	118	358	0	1	5	18	653	5	0	117	633	6	543	34	0	0	43	2	0	0	7	39	0	0	2	0	239	0	4	351	1	0	324	0	298	0	0	71	2	4	307	1	0	2	12	1	32	88	0	223	1	6	0	0	0	0	7	0	0	209	0	7	0	0	24	0	236	8	189	1	15	17	187	39	133	0	0	0	51	62	2	0	159	1	1	102	4	176	152	0	0	0	0	50	2	10	25	0	3	13	1	0	93	172	152	0	106	0	
128_noda	3	13880	477	0	406	2253	0	2030	1980	218	49	3	0	1	0	4	463	1	0	31	209	0	417	88	0	0	33	0	0	1	4	0	0	0	1	0	203	0	2	159	0	0	172	0	90	0	0	38	1	1	184	1	0	2	10	0	25	64	0	101	1	0	0	0	0	0	2	0	0	157	0	0	0	0	19	0	69	3	127	8	7	10	104	17	89	7	0	0	47	15	0	0	92	0	1	54	2	43	56	0	0	0	0	47	0	2	38	0	1	5	1	0	49	58	59	0	65	0	
129_noda	9	27792	1432	1	0	2198	0	2677	2364	667	0	169	0	0	0	0	1736	3	0	97	785	9	1424	0	0	0	0	1	0	0	1	11	0	0	0	0	0	0	0	453	1	0	657	0	121	0	0	129	0	0	562	0	0	2	0	0	0	0	0	194	0	0	0	0	0	0	0	0	0	536	0	0	0	0	0	0	105	3	474	0	3	16	381	0	253	0	0	0	0	0	0	0	179	0	0	203	2	101	101	0	0	0	0	0	0	15	9	0	0	0	0	0	214	154	150	0	239	0	
12_noda	6528	0	392	4164	2485	457	2172	9	1	79	30	24	59	57	388	6	0	29	715	54	13	47	0	1264	441	430	297	15	405	359	14	6	354	98	25	35	83	278	193	4	1927	11	0	27	119	22	247	23	197	70	0	146	253	2	186	25	95	76	111	3	81	1	210	0	243	116	5	7	147	0	2	0	1	221	57	10	14	3	0	42	341	2	0	350	0	0	235	109	131	20	0	63	0	213	0	1	2	10	3	105	69	0	1	15	1	1	69	59	22	30	224	96	0	2	0	100	0	0	
130_noda	12	17047	812	1	0	2928	0	2668	2650	334	1	46	2	2	0	0	819	4	1	53	446	5	749	0	0	2	0	0	1	0	1	2	0	0	0	0	0	0	1	299	3	0	349	0	148	2	0	84	0	0	346	1	0	1	0	0	0	0	0	192	0	0	0	0	0	0	0	0	0	291	0	0	0	0	0	0	108	2	231	0	5	13	218	0	138	0	0	0	0	0	0	0	136	0	1	107	1	82	79	0	0	0	0	0	0	5	9	0	0	0	0	0	101	142	162	0	123	0	
131_noda	25895	43	1300	0	0	0	0	3	2	747	0	0	1542	1472	1	0	34	653	1	556	6	0	3	0	0	186	0	498	146	0	609	0	0	37	328	0	0	0	0	2	0	280	5	418	2	408	0	1	0	1	4	28	36	75	0	354	0	0	0	12	0	0	0	474	49	0	5	231	0	0	98	0	0	1	0	253	0	92	1	0	1	27	0	0	0	0	55	0	0	0	0	0	3	0	33	1	0	0	4	0	0	0	0	0	0	51	0	0	0	0	0	0	0	0	0	0	1	0	
132_noda	8050	1877	3488	1	0	2	0	46	97	1582	0	0	1191	1315	0	0	1049	970	0	756	327	34	240	0	0	107	0	602	904	0	573	0	0	6	462	0	0	0	0	205	0	410	462	343	31	272	0	104	0	0	177	230	9	1252	0	184	0	0	0	305	0	0	0	92	223	0	0	152	0	55	293	0	0	0	0	239	0	161	98	0	33	763	88	0	120	0	3	0	0	0	0	0	79	0	616	160	3	11	27	0	0	0	0	0	0	151	1	0	0	0	0	0	80	13	23	0	48	0	
133_noda	23568	2	8627	0	0	0	0	1	2	2662	0	0	4169	3554	0	0	0	2260	0	1724	25	2783	0	0	0	198	0	1166	55	0	1022	0	0	7	1072	0	0	0	0	8	0	740	0	564	0	565	0	986	0	0	0	7	30	0	0	458	0	0	0	0	0	0	0	66	160	0	1	461	0	0	856	0	0	0	0	279	0	359	0	0	1	1	0	0	0	0	6	0	0	2	0	0	0	0	0	0	19	0	3	0	0	0	0	0	0	458	0	0	0	0	0	0	0	0	0	0	0	0	
134_noda	13897	87	2685	0	0	0	0	3	8	1140	0	0	1681	1732	0	0	50	1003	0	754	27	2	12	0	0	143	0	623	130	0	702	0	0	3	470	0	0	0	0	12	0	407	30	480	2	418	0	16	0	0	5	37	11	136	0	271	0	0	0	30	0	0	0	0	36	0	1	277	0	0	291	0	0	1	0	228	0	163	3	0	0	45	1	0	5	0	8	0	0	0	0	0	6	0	57	11	0	0	10	0	0	0	0	0	0	117	0	0	0	0	0	0	2	0	3	0	2	0	
135_noda	14183	249	2000	1	0	2	0	4	15	888	51	0	1334	1329	2	0	185	791	0	574	53	116	16	0	0	139	1	462	331	0	445	0	0	65	354	0	0	0	0	20	0	275	63	346	12	306	0	56	0	51	12	70	19	330	5	241	0	0	0	70	0	0	0	47	73	0	10	181	0	1	138	6	0	0	0	169	0	106	8	0	2	167	1	0	7	0	5	0	0	0	0	0	8	0	142	20	10	1	4	0	0	0	0	3	0	63	1	0	0	0	0	0	10	0	1	0	3	0	
136_noda	14142	808	3693	1	0	18	0	27	57	1410	97	0	1651	1699	3	0	544	1136	0	793	157	178	81	0	0	137	0	633	698	0	575	0	0	80	525	0	0	0	0	89	0	441	177	395	32	323	0	120	0	80	55	156	14	811	2	268	0	0	0	175	0	0	0	0	173	0	17	184	0	6	272	8	0	0	0	227	0	163	30	0	22	410	25	0	59	0	7	0	0	0	0	0	39	0	363	68	13	3	21	0	0	0	0	6	0	141	1	0	0	0	0	0	32	0	5	0	12	0	
137_noda	11122	112	1831	0	0	2	0	2	9	1005	2	0	1523	1592	0	0	107	903	0	695	35	24	13	0	0	161	0	616	238	0	645	0	0	7	480	0	0	0	0	21	0	418	48	377	10	444	0	25	0	8	15	58	9	242	1	314	0	0	0	35	0	0	0	403	70	0	1	216	0	1	255	1	0	0	0	255	0	126	6	0	1	115	3	0	10	0	3	0	0	0	0	0	10	0	133	17	2	0	8	0	0	0	0	0	0	102	0	0	0	0	0	0	9	0	0	0	1	0	
138_noda	4182	30	23	0	0	1	0	2	0	15	0	0	82	95	0	0	31	14	1	19	0	4	1	0	0	15	0	13	79	0	20	0	0	0	12	0	0	0	0	1	0	8	4	27	5	26	0	0	0	0	0	39	2	72	0	25	0	0	0	15	0	0	0	19	32	0	0	20	0	0	2	0	0	0	0	8	0	4	1	0	1	37	0	0	0	0	1	0	0	0	0	0	6	0	47	0	0	0	0	0	0	0	0	0	0	1	0	0	0	0	0	0	0	0	0	0	0	0	
139_noda	26969	475	4094	0	0	5	0	2	27	1428	112	0	2056	1868	1	0	238	1234	0	782	62	1	31	0	0	158	0	688	444	0	634	0	0	77	563	0	0	0	0	32	0	519	61	429	7	364	0	17	0	76	26	82	34	415	8	299	0	0	0	90	0	0	0	0	112	0	10	259	0	2	193	10	0	4	0	245	0	188	13	0	0	198	15	0	15	0	18	0	0	0	0	0	22	0	176	20	11	0	5	0	0	0	0	1	0	87	0	0	0	0	0	0	15	0	4	0	2	0	
13_noda	9973	0	1057	30306	204	215	17698	1	0	272	1596	5	116	126	2280	1	0	86	2643	261	5	0	0	916	3167	1493	25	34	64	1641	43	30	2073	510	49	2	0	0	2538	2	0	43	0	73	70	180	1759	20	90	325	0	407	728	0	243	62	12	0	2171	1	1545	42	1183	1	165	1480	39	32	729	0	3	14	8	8	26	26	5	23	0	0	31	0	0	70	0	0	142	584	7	3	0	1139	0	18	0	0	29	2	7	875	496	24	26	11	2	4	7	728	430	2	169	635	0	0	0	415	0	0	
140_noda	15548	3	1349	0	0	3	0	0	2	736	0	0	1654	1684	0	0	0	811	0	607	3	98	0	0	0	212	0	571	45	0	547	0	0	12	504	0	0	0	0	2	0	367	0	388	0	458	0	66	0	0	0	4	21	0	0	403	0	0	0	0	0	0	0	148	43	0	1	242	0	1	171	0	0	0	0	248	0	97	0	0	0	0	0	0	0	0	9	0	0	0	0	0	0	0	0	0	2	0	2	0	0	0	0	0	0	77	0	0	0	0	0	0	0	0	0	0	0	0	
141_noda	38924	77	695	0	0	0	0	1	5	315	1080	0	751	546	9	0	53	252	0	211	5	91	0	223	0	112	0	180	174	0	186	0	0	815	174	0	0	0	0	2	0	124	3	231	0	137	0	66	21	948	1	81	60	100	271	187	0	0	0	34	0	0	0	2	365	0	17	106	0	0	15	23	0	3	0	71	0	39	0	0	0	43	0	0	2	0	287	0	0	0	0	0	6	0	40	0	6	0	0	0	0	0	1	6	0	15	0	0	0	0	123	0	0	0	0	0	0	0	
142_noda	17466	118	3128	1	0	1	0	2	7	1381	90	0	2340	2122	2	0	106	1198	0	918	34	487	14	0	0	196	0	802	209	0	735	0	0	78	680	0	0	0	0	17	0	538	55	479	8	490	0	240	0	72	8	52	25	196	3	379	0	0	0	40	0	0	0	155	114	0	25	291	0	1	374	7	0	0	0	286	0	169	6	0	2	94	5	0	4	0	14	0	0	0	0	0	8	0	88	12	12	0	7	0	0	0	0	0	0	148	0	0	0	0	0	0	3	0	0	0	1	0	
143_noda	33481	92	343	0	0	2	0	0	6	279	0	0	872	774	0	0	68	253	0	224	2	0	1	0	0	208	0	242	325	0	311	0	0	1	180	0	0	0	0	3	0	116	7	290	6	365	0	2	0	0	3	89	38	289	0	323	0	0	0	44	0	0	0	199	104	0	0	127	0	0	30	0	0	21	0	143	0	31	0	0	4	117	1	0	1	0	19	0	0	1	0	0	12	0	152	2	1	0	0	0	0	0	0	0	0	5	0	0	0	1	0	0	0	0	0	0	0	0	
144_noda	17289	159	2339	0	0	0	0	4	12	1044	498	0	1347	1309	4	0	115	794	0	615	14	1	8	0	0	128	0	461	215	0	462	0	0	369	407	0	0	0	0	20	0	351	33	347	7	276	0	12	1	345	11	63	19	199	24	226	0	0	0	38	0	0	0	873	76	0	50	193	0	1	137	34	0	2	0	188	0	131	2	0	1	100	6	0	6	0	10	0	0	1	0	0	13	0	113	6	25	0	7	0	0	0	0	5	0	55	0	0	0	0	0	0	9	0	0	0	0	0	
145_noda	14570	352	3709	1	0	1	0	2	20	1770	1	0	2058	2085	0	0	278	1323	0	1005	103	95	33	0	0	169	0	788	448	0	739	0	0	5	634	0	0	0	0	59	0	501	122	488	10	454	0	77	0	1	44	119	9	485	0	321	0	0	0	94	0	0	0	817	116	0	0	263	0	4	375	1	0	1	0	269	0	167	19	0	1	256	8	0	27	0	5	0	0	1	0	0	22	0	257	30	3	2	18	0	0	0	0	0	0	162	0	0	0	0	0	0	20	1	0	0	6	0	
146_noda	25683	672	3141	1	0	0	0	8	30	1595	2	0	2310	2334	0	199	475	1230	0	1036	91	3	52	0	0	263	0	876	822	0	892	0	0	29	629	0	0	0	0	52	0	487	160	642	24	509	0	26	0	1	35	230	33	868	0	386	0	0	0	191	0	0	0	124	189	0	4	364	0	8	242	0	0	110	1	370	1	185	23	0	11	424	23	0	28	0	30	0	0	27	0	0	33	0	461	50	4	1	15	0	0	0	2	0	0	106	0	0	0	1	0	0	19	2	10	0	6	0	
147_noda	10998	34	5943	0	0	3	0	0	0	1737	66	0	1833	1795	0	0	36	1474	0	871	23	2	3	0	0	113	0	759	61	0	574	0	0	34	571	0	0	0	0	11	0	531	13	317	3	276	0	4	0	31	4	12	13	38	2	223	0	0	0	9	0	0	0	127	11	0	12	213	0	0	401	16	0	0	0	174	0	252	1	0	0	16	3	0	2	0	7	0	0	1	0	0	1	0	22	5	6	0	0	0	0	0	0	1	0	192	0	0	0	0	0	0	3	0	0	0	0	0	
148_noda	28354	123	1526	0	0	2	0	0	9	696	189	0	1421	1231	1	0	90	671	0	480	9	6	2	0	0	134	0	402	223	0	445	0	0	156	302	0	0	0	0	4	0	284	14	356	3	296	0	10	0	169	2	47	42	179	8	244	0	0	0	38	0	0	0	0	78	0	12	196	0	1	82	11	0	1	0	186	0	105	0	0	0	84	2	0	3	0	14	0	0	1	0	0	8	0	82	5	5	0	2	0	0	0	0	2	0	31	0	0	0	0	0	0	0	0	0	0	1	0	
149_noda	9435	14	1242	0	0	2	0	1	2	625	34	0	1385	1652	0	0	11	702	0	566	6	50	0	0	0	219	0	584	50	0	472	0	0	40	370	0	0	0	0	6	0	265	7	500	0	582	0	42	3	43	1	23	9	43	3	387	0	0	0	13	0	0	0	0	45	0	13	213	0	1	273	6	0	0	0	214	0	84	2	0	1	6	1	0	2	0	21	0	0	0	0	0	1	0	26	1	7	0	2	0	0	0	0	0	0	127	0	0	0	0	3	0	2	0	0	0	0	0	
14_noda	1853	0	9520	0	1819	69	0	3	0	2542	7359	547	227	337	2757	102	0	537	51	266	171	31	0	1485	0	7	786	113	34	23	214	332	3	444	115	168	49	0	1	62	0	112	1	78	65	16	0	134	731	474	0	205	11	0	1275	14	204	25	0	4	2	20	0	478	130	0	878	33	0	0	59	1148	0	81	182	31	30	263	0	99	29	0	0	45	0	0	79	0	112	409	21	0	0	70	0	0	522	57	14	0	1	55	389	191	51	69	36	0	219	115	98	0	0	0	0	0	0	5	
150_noda	22911	262	1782	0	0	0	0	4	12	834	0	0	1524	1378	0	0	185	744	0	550	18	2	13	0	0	167	0	445	406	0	542	0	0	2	402	0	0	0	0	15	0	371	37	338	10	338	0	13	1	3	7	81	32	389	1	276	0	0	0	84	0	0	0	0	117	0	0	205	0	0	111	0	1	1	0	207	0	117	8	0	2	172	8	0	8	0	8	0	0	1	0	0	15	0	202	13	1	0	6	0	0	0	0	0	0	47	0	0	0	0	0	0	6	0	1	0	0	0	
151_noda	22920	296	1112	0	1	0	0	5	23	520	966	0	941	912	10	0	187	462	0	293	18	1	10	0	0	130	0	288	434	0	348	0	0	762	246	0	0	0	0	10	0	183	25	295	6	275	0	17	0	719	8	127	35	432	36	223	0	0	0	84	0	0	0	248	153	0	42	136	0	1	41	36	0	16	1	133	0	78	5	0	2	210	2	0	6	0	10	0	0	5	0	0	12	0	164	8	17	0	7	0	0	0	1	15	0	18	0	0	0	0	2	0	5	0	2	0	1	0	
152_noda	13849	47	642	0	0	0	0	1	5	344	0	0	747	692	0	0	36	340	0	250	6	0	0	0	0	98	0	250	122	0	247	0	0	2	169	0	0	0	0	5	0	182	15	195	2	157	0	4	0	0	2	20	31	114	0	156	0	0	0	20	0	0	0	0	26	0	0	100	0	0	41	0	0	2	0	125	0	47	0	0	1	56	3	0	1	0	8	0	0	0	0	0	6	0	54	2	0	0	1	0	0	0	0	0	0	19	0	0	0	0	0	0	0	0	0	0	0	0	
153_noda	10626	123	2290	0	0	0	0	1	7	977	404	0	1155	1171	4	0	82	745	0	470	21	1	9	0	0	95	0	484	153	0	385	0	0	286	371	0	0	0	0	9	0	307	31	268	4	208	0	8	0	284	12	43	16	123	9	174	0	0	0	30	0	0	0	348	53	0	49	163	0	0	161	58	0	2	0	158	0	115	3	0	2	67	6	0	4	0	16	0	0	2	0	0	14	0	80	14	32	0	1	0	0	0	1	4	0	80	0	0	0	0	1	0	5	0	1	0	1	0	
154_noda	19228	496	2421	0	0	432	0	53	68	1247	169	85	1714	1667	9	0	299	925	0	751	122	146	27	0	0	184	0	603	1144	0	628	88	0	152	484	0	0	0	0	83	0	380	98	439	436	379	0	102	0	135	28	552	28	592	6	283	0	0	0	162	0	0	0	442	162	0	23	223	0	7	177	15	0	3	4	248	39	122	19	0	309	319	18	0	22	0	7	0	0	9	0	0	63	0	278	26	14	23	122	0	0	96	1	9	0	88	6	0	0	1	0	0	11	11	7	0	6	0	
155_noda	20735	0	790	0	0	0	0	0	0	477	0	0	1149	1146	0	0	0	478	0	334	3	156	0	0	0	126	0	337	56	0	386	0	0	15	290	0	0	0	0	1	0	231	1	314	0	311	0	116	0	95	0	10	36	1	0	315	0	0	0	0	0	0	0	420	63	0	2	184	0	0	92	0	0	1	0	165	0	66	0	0	1	0	0	0	0	0	6	0	0	0	0	0	0	0	0	1	3	0	0	0	0	0	0	0	0	22	0	0	0	0	0	0	0	0	0	0	0	0	
156_noda	16996	375	4084	84	0	1	3	8	17	1378	912	0	1692	1563	8	0	255	1052	43	724	56	380	31	0	65	131	0	612	265	17	471	0	11	425	507	0	0	0	2	24	0	353	68	282	4	224	0	146	0	386	12	103	44	271	30	191	0	0	0	64	0	0	12	329	112	1	89	193	1	1	181	92	42	1	0	159	0	188	7	0	5	149	12	0	15	0	12	14	0	3	0	0	14	0	118	31	51	0	3	0	7	0	3	15	0	102	1	0	4	0	0	0	9	0	1	1	4	0	
157_noda	19163	440	4189	1	0	1	0	2	16	1685	629	0	2140	2039	10	0	319	1360	1	907	101	348	40	0	0	198	0	789	456	0	698	0	0	390	609	0	0	0	0	59	0	554	121	493	6	384	1	186	0	422	27	121	29	518	29	334	0	0	0	118	0	0	0	1	150	0	85	306	0	5	338	67	0	3	0	267	0	209	16	0	5	245	18	0	18	0	5	0	0	2	0	0	31	0	225	49	52	0	7	0	0	0	4	11	0	134	0	0	0	0	0	0	11	0	2	0	2	0	
158_noda	19815	802	7321	0	0	2	0	10	47	2402	95	0	2502	2512	3	0	472	1919	1	1130	183	14	80	0	0	148	0	916	575	0	888	0	0	66	717	0	0	0	0	85	0	692	204	466	7	373	0	46	0	57	77	100	28	647	5	326	0	0	0	163	0	0	0	0	133	0	14	318	0	7	383	16	0	0	0	300	0	299	30	0	5	296	33	0	44	0	8	0	0	0	0	0	35	0	274	81	15	1	14	0	0	0	0	5	0	223	0	0	0	0	0	0	33	0	5	0	8	0	
159_noda	23436	658	4689	3	0	1	5	9	40	1472	8	0	2041	1904	1	0	394	1297	1	828	89	425	44	0	1	133	0	684	527	0	517	0	1	6	557	0	0	0	2	49	0	508	90	328	6	269	0	175	0	3	32	84	37	490	0	242	0	0	1	135	0	0	0	203	146	0	1	263	0	0	196	1	0	0	0	191	0	187	9	0	6	307	15	0	21	0	8	0	0	1	0	0	27	0	192	45	3	0	8	1	0	0	0	0	0	102	0	1	0	0	0	0	19	0	6	0	6	0	
15_noda	5189	0	6306	146	91	182	81	4	0	2206	669	1325	530	666	17276	783	0	762	31	427	197	1643	0	393	96	50	72	223	203	20	341	1544	17	2053	263	140	10	82	5	86	0	221	6	171	327	72	45	583	136	103	0	1945	22	2	305	52	14	24	1	10	0	17	23	99	188	11	1516	77	15	0	80	73	1	102	1044	87	61	298	0	4	222	1	0	4	0	0	65	8	9	139	2	0	0	5	2	0	797	97	46	7	5	266	1886	46	41	88	62	4	1	280	46	11	0	2	0	8	0	2	
160_noda	14729	294	2339	0	0	0	0	1	22	713	108	0	1605	1407	0	57	157	724	0	569	36	1242	23	0	0	105	0	398	262	0	292	0	1	55	454	0	0	0	0	14	0	277	69	192	6	233	0	513	0	50	21	44	24	286	3	214	0	0	0	49	0	0	0	175	144	0	10	179	0	0	223	9	0	27	0	118	0	107	5	0	4	127	5	0	13	0	7	0	0	4	0	0	9	0	124	24	14	0	4	0	0	0	0	0	0	108	0	0	0	0	0	0	12	0	4	0	2	0	
161_noda	12883	3039	4884	1	0	578	0	148	233	1572	0	0	1258	1306	0	0	1334	1005	0	690	463	238	264	0	0	65	0	473	1383	0	441	0	0	3	398	0	0	0	0	197	0	422	371	211	331	183	0	168	0	0	167	284	17	1200	0	135	0	0	0	451	0	0	0	0	249	0	0	175	0	43	176	0	0	0	0	166	41	166	83	0	211	797	77	0	92	0	9	0	0	0	0	0	132	0	487	154	7	30	93	0	0	0	0	0	0	123	4	0	0	0	0	0	82	23	29	0	49	0	
162_noda	24341	735	2323	0	0	25	0	9	28	490	0	0	811	896	0	0	217	563	0	355	33	2	27	0	0	66	0	354	403	0	203	0	0	1	298	0	0	0	0	12	0	305	40	121	18	115	0	11	0	0	19	65	34	433	0	194	0	0	0	94	0	0	0	0	88	0	0	112	0	0	23	0	0	1	0	92	2	92	4	0	14	334	11	0	11	0	5	0	0	1	0	0	12	0	147	13	2	0	4	0	0	0	0	0	0	15	1	0	0	0	0	0	9	0	0	0	7	0	
163_noda	37228	194	16249	0	0	1	0	1	13	4797	16	0	6185	6156	0	0	108	4243	0	3027	89	2604	20	0	0	422	0	2221	218	0	1677	0	0	21	2122	0	0	0	0	21	0	1613	58	886	4	1068	0	912	0	8	23	42	61	158	0	848	0	0	0	31	0	0	0	2604	195	0	0	702	0	0	1298	1	0	10	0	605	0	632	11	0	1	100	14	0	7	0	14	0	0	20	0	0	7	0	77	28	32	1	10	0	0	0	0	0	0	669	0	0	0	0	0	0	9	0	0	0	2	0	
164_noda	5395	0	638	0	0	0	0	0	0	264	0	0	391	421	0	0	0	216	0	172	1	0	1	0	0	36	0	144	8	0	123	0	0	6	118	0	0	0	0	0	0	99	0	88	0	89	0	0	0	0	0	2	5	0	0	68	0	0	0	1	0	0	0	9	1	0	1	61	0	0	41	0	0	1	0	44	0	44	0	0	0	1	0	0	0	0	2	0	0	0	0	0	0	0	0	0	1	0	0	0	0	0	0	0	0	15	0	0	0	0	0	0	0	0	0	0	0	0	
165_noda	18374	127	1158	0	0	0	0	1	4	275	90	0	1061	1157	0	0	50	327	0	403	9	1566	6	0	0	87	0	214	131	0	118	0	0	69	390	0	0	0	0	1	0	164	12	102	1	165	0	484	0	40	4	24	39	119	3	233	0	0	0	16	0	0	0	0	145	0	4	174	0	0	80	7	0	0	0	53	0	49	1	0	1	54	1	0	2	0	16	0	0	0	0	0	5	0	32	6	11	0	1	0	0	0	0	1	0	48	0	0	0	0	0	0	0	0	1	0	1	0	
166_noda	7075	1	655	0	0	0	0	0	0	321	0	0	574	597	0	0	0	316	0	217	3	0	0	0	0	70	0	203	15	0	220	0	0	1	162	0	0	0	0	1	0	179	0	154	0	182	0	0	0	0	0	2	13	1	0	155	0	0	0	0	0	0	0	0	6	0	0	90	0	0	54	0	0	2	0	100	0	53	0	0	0	0	0	0	0	0	2	0	0	0	0	0	0	0	0	0	1	0	0	0	0	0	0	0	0	19	0	0	0	0	0	0	0	0	0	0	0	0	
167_noda	1533	347	900	0	0	12	0	2	13	168	0	0	102	161	0	0	105	133	0	87	45	1	32	0	0	8	0	46	91	0	37	0	0	0	57	0	0	0	0	7	0	50	44	15	3	16	0	11	0	0	20	13	0	101	0	17	0	0	0	23	0	0	0	143	18	0	0	12	0	2	16	0	0	0	0	9	1	22	5	0	7	75	11	0	11	0	0	0	0	0	0	0	4	0	31	21	0	2	6	0	0	0	0	0	0	9	0	0	0	0	0	0	13	0	3	0	3	0	
168_noda	1941	178	73	0	0	2	0	11	23	46	7	0	84	119	0	0	122	43	0	47	9	17	12	0	0	15	0	26	206	0	30	0	0	16	31	0	0	0	0	3	0	22	19	27	7	31	0	15	0	7	5	57	4	239	1	18	0	0	0	43	0	0	0	25	75	0	1	18	0	1	4	1	0	0	1	11	0	8	6	0	5	143	6	0	5	0	0	0	0	0	0	0	12	0	112	6	1	0	2	0	0	0	0	2	0	3	0	0	0	0	0	0	2	0	0	0	3	0	
169_noda	7474	493	1036	0	0	0	0	3	17	410	0	0	521	472	0	0	220	311	0	195	32	27	22	1	0	34	0	139	300	0	169	0	0	0	117	0	0	0	0	19	0	104	48	113	5	89	0	32	0	2	16	55	10	318	0	78	0	0	0	78	0	0	0	0	69	0	0	67	0	5	41	0	0	0	0	39	0	39	9	0	4	196	8	0	9	0	4	0	0	0	0	0	7	0	127	13	1	0	5	0	0	0	0	0	0	15	0	0	0	0	1	0	9	1	2	0	3	0	
16_noda	3415	3	27	1154	13064	937	388	122	1	7	160	3726	15	55	3169	1493	0	0	502	19	2	320	0	6558	144	65	1708	1	427	206	2	881	64	273	5	3134	1264	880	17	1	1633	0	1	17	380	4	40	140	644	123	0	348	121	8	1148	9	845	770	2	41	36	600	61	0	565	47	30	7	29	1	0	2	302	484	754	5	23	2	0	1652	443	0	0	674	3	0	567	15	765	58	394	3	0	443	0	0	16	1	12	65	15	226	17	101	751	1	912	16	123	580	451	25	0	4	0	6	0	242	
170_noda	13148	811	870	0	0	2	0	18	72	446	111	0	622	794	7	0	497	362	0	302	48	1	38	0	0	82	0	254	877	0	252	0	0	104	196	0	0	0	0	24	0	202	115	219	20	201	0	19	0	99	29	218	22	958	10	167	0	0	0	229	0	0	0	148	273	0	14	81	0	19	54	2	0	0	0	136	0	50	16	0	20	561	15	0	17	0	5	1	0	0	0	0	52	0	452	31	3	0	12	0	0	0	1	9	0	27	0	0	0	0	0	0	14	0	5	0	6	0	
17_noda	7402	0	455	110	2174	117	45	3	0	203	2731	603	170	179	98	21	0	121	608	97	24	19	0	148	40	116	999	74	389	187	68	391	23	920	58	1	116	1	15	17	1	57	0	110	139	48	14	10	71	1039	0	264	197	2	197	33	228	49	1	4	6	62	8	17	111	3	60	35	10	0	11	75	0	563	105	42	2	32	0	23	210	0	0	247	0	0	73	10	203	77	61	0	0	392	0	0	27	8	9	5	4	296	5	168	11	3	8	2	234	70	57	4	0	1	0	10	0	4	
18_noda	1	1	0	1	2	0	2	0	0	0	1	0	0	0	0	0	0	0	0	0	0	0	0	0	0	0	1	0	0	0	0	0	0	2	0	0	0	0	0	0	0	0	0	0	0	0	0	0	0	0	0	0	0	0	0	0	0	0	0	0	0	0	0	0	0	0	1	0	0	0	0	0	0	0	0	0	0	0	0	0	0	0	0	0	0	0	0	0	0	0	0	0	0	0	0	0	0	0	0	0	0	1	0	0	0	0	0	0	0	0	0	0	0	0	0	0	0	0	
19_noda	151	0	55	19	961	133	3	28	0	23	66	797	8	27	333	92	0	5	24	18	8	349	0	136	4	7	239	3	23	13	0	329	1	21	4	69	167	362	3	3	8	2	2	0	58	2	0	172	28	8	0	41	5	1	74	1	88	155	0	7	5	160	2	0	28	1	38	1	1	0	2	5	0	34	160	2	39	0	0	63	50	0	0	49	0	0	12	0	64	81	97	0	1	16	0	0	22	6	12	1	1	52	30	17	97	3	102	0	20	132	10	0	0	6	0	0	0	14	
1_noda	9477	126	91	1487	600	1366	551	55	16	34	87	2978	89	171	2389	558	36	15	567	56	10	261	0	152	443	469	200	8	1274	232	9	1307	245	776	34	0	75	1	81	3	3	12	2	45	664	34	189	95	20	53	0	1255	159	56	66	27	45	120	26	48	31	226	117	0	121	39	40	31	114	1	2	0	0	311	552	12	12	5	0	6	1089	43	0	97	0	0	64	114	25	13	35	9	5	92	21	1	11	3	25	37	47	904	14	16	26	1	47	26	10	127	56	36	0	4	0	75	0	30	
20_noda	1812	0	176	371	7121	151	194	5	0	40	602	1488	20	52	1589	1826	0	10	314	24	8	131	0	169	70	35	1292	1	157	113	7	598	32	217	8	177	441	279	13	9	1	4	0	23	96	1	33	55	27	66	0	199	79	0	75	8	455	323	1	3	10	336	23	0	58	25	34	10	10	0	1	5	2	344	291	9	13	6	0	132	157	2	0	291	0	0	42	3	272	74	179	1	1	256	0	0	14	6	7	25	6	153	21	56	37	0	37	4	127	408	27	12	0	0	0	4	0	290	
21_noda	485	0	158	23	11	18	6	0	0	52	81	47	45	85	154	31	0	44	7	45	10	69	0	27	14	14	2	12	24	2	21	46	4	75	22	80	1	0	1	1	0	13	0	13	17	14	2	42	18	37	0	80	8	1	51	5	2	3	0	1	0	1	3	17	81	0	26	3	3	0	4	10	1	11	12	3	3	3	0	1	16	0	0	2	0	0	29	6	1	10	0	0	0	2	0	0	20	2	6	0	0	25	17	7	13	9	7	0	1	9	16	0	0	0	0	0	0	1	
22_noda	1994	0	20	424	150	39	22	4	0	28	46	138	83	98	311	5	0	12	251	54	2	72	0	115	208	214	73	9	176	128	10	123	129	241	23	83	15	0	16	1	0	9	0	31	68	31	12	64	13	88	0	402	75	5	103	24	22	9	2	4	24	24	60	0	277	7	19	7	5	0	5	2	7	101	58	13	1	1	0	22	109	0	0	81	1	0	182	80	36	8	11	1	0	72	0	0	15	3	7	9	1	108	8	7	20	1	32	3	14	44	84	3	0	2	0	3	0	2	
23_noda	2495	20	1599	264	283	33	108	0	1	575	484	119	232	324	969	673	14	244	109	182	37	0	5	35	150	83	163	130	79	40	113	92	37	361	99	1	9	0	8	14	0	112	5	59	33	49	45	10	44	130	3	268	38	8	38	36	34	13	2	13	5	7	37	1	31	11	160	42	21	0	34	52	0	147	52	36	6	50	1	4	42	7	0	39	1	0	25	23	25	158	2	1	0	43	7	6	79	11	11	5	9	49	76	14	5	38	5	7	21	74	18	12	0	1	0	12	1	28	
24_noda	2689	0	3224	167	8887	377	77	39	1	497	539	6914	133	164	1203	817	0	106	190	110	258	2613	0	21	25	13	1051	30	263	70	21	1248	8	87	64	1739	688	1281	5	63	0	42	0	12	96	6	9	456	23	14	1	115	62	2	38	13	497	565	0	10	1	555	6	82	80	11	81	11	3	2	13	29	0	224	312	5	152	39	0	205	244	0	0	152	1	0	65	1	179	507	406	1	1	189	0	0	57	114	29	4	5	268	82	60	185	31	164	2	39	214	2	6	0	25	1	1	0	66	
25_noda	422	0	71	477	4738	486	114	105	0	15	7	9753	0	3	2	5	0	0	88	4	7	0	0	599	7	4	74	0	201	36	0	241	20	1	0	1707	656	65	4	5	1	2	0	0	10	0	4	1	4	0	0	9	16	0	25	1	168	595	0	1	5	706	14	0	45	12	0	1	0	0	0	0	13	23	2	0	6	0	0	258	227	0	0	129	0	0	54	2	109	6	547	0	0	83	0	0	0	5	1	4	1	101	0	5	672	0	579	5	0	15	39	1	0	1	0	1	0	0	
26_noda	1	0	48	188	5005	797	38	90	5	13	2	7756	1	0	135	9	0	0	0	2	10	3	0	375	2	0	56	0	1	1	0	167	0	0	0	993	1028	657	0	5	1494	0	0	0	15	0	0	0	1	0	0	1	0	0	6	0	161	1014	3	2	4	842	5	0	0	4	1	0	0	0	0	0	14	2	125	0	10	0	0	235	21	0	0	86	1	0	0	0	88	6	581	0	0	6	0	0	0	12	1	1	0	1	0	2	523	0	554	0	0	57	5	1	0	0	0	0	0	1	
27_noda	2324	0	144	50	4394	409	33	13	0	37	112	4128	12	64	272	1069	0	17	295	12	8	1	0	19	10	38	784	6	485	132	7	987	15	74	3	248	633	0	1	4	0	5	1	15	153	2	6	0	6	18	0	192	87	2	14	7	283	589	0	7	5	552	1	0	58	3	10	19	1	0	0	1	0	398	168	8	14	3	0	62	424	0	0	198	0	0	44	1	124	32	430	0	0	258	0	0	2	16	9	8	2	489	1	20	98	0	77	1	19	222	3	0	0	0	0	2	0	146	
28_noda	752	0	885	1214	1091	133	444	13	0	273	2401	1104	35	51	1818	693	0	29	60	78	32	1035	0	4331	251	23	323	5	39	30	17	411	23	127	18	213	75	1371	27	19	0	6	2	11	77	10	107	425	938	122	0	86	14	1	1449	2	114	87	17	10	10	107	102	0	104	40	141	4	25	0	2	95	0	55	226	3	20	22	0	200	47	0	0	69	1	0	106	20	73	151	22	8	0	21	0	1	101	14	13	28	2	35	68	177	210	11	195	24	239	135	165	31	0	4	0	6	0	59	
29_noda	1885	0	4689	0	1	1	0	0	0	1214	2579	1	248	351	1716	293	0	466	0	251	8	526	0	113	0	14	1	169	9	0	152	1	0	484	142	111	0	0	0	1	0	105	0	74	2	30	0	185	73	383	0	221	6	1	179	33	0	0	0	4	0	0	0	149	59	0	462	30	0	0	86	453	0	20	3	37	1	153	0	0	0	0	0	1	0	0	18	0	0	60	0	0	0	0	0	1	357	0	0	0	0	0	304	7	0	61	1	0	0	15	19	0	0	0	0	0	0	0	
2_noda	2507	0	1441	466	5283	157	223	3	0	375	1421	1570	88	140	538	475	0	107	294	117	98	0	0	195	99	73	1106	51	203	142	65	498	36	256	47	330	366	118	23	33	2	51	1	47	82	16	33	11	72	195	0	167	92	2	144	12	427	229	4	4	12	221	33	0	93	19	81	14	15	0	8	64	1	398	188	29	33	37	0	121	180	0	0	306	0	0	62	11	244	273	209	2	0	303	0	1	42	47	14	18	7	202	32	120	65	8	52	11	197	171	28	10	0	2	0	8	0	66	
30_noda	23031	144	5644	643	12	77	269	5	8	1679	3699	488	1239	1169	8934	1040	64	801	192	562	52	739	9	1696	299	203	2	376	295	75	310	287	69	2557	292	16	2	0	26	23	0	261	9	362	61	124	118	290	611	919	3	1869	125	40	1009	112	0	2	0	38	5	5	57	0	628	25	507	183	57	0	87	214	105	146	181	97	11	204	1	1	131	18	1	2	5	0	552	45	0	61	1	0	1	0	23	3	227	8	12	18	15	129	504	53	21	52	20	16	37	64	418	36	2	0	0	32	0	11	
31_noda	645	0	159	147	8498	331	38	18	0	35	45	5550	3	11	325	1612	0	0	109	6	20	36	0	614	7	2	671	0	154	33	1	692	2	12	2	102	1284	1375	0	8	164	1	0	2	74	0	1	13	15	2	0	25	25	2	71	0	397	797	0	2	3	1052	4	0	22	7	3	4	3	0	0	0	1	97	167	0	24	2	0	423	124	0	0	108	1	0	35	0	137	33	534	0	0	91	0	0	0	10	2	2	0	104	0	15	248	0	143	0	10	173	21	0	0	2	0	0	0	324	
32_noda	1471	15	132	640	23259	301	4	17	0	59	144	3332	6	42	63	1677	2	5	701	6	16	30	0	28	43	18	1706	1	301	204	6	547	24	13	3	668	1665	4443	1	10	0	0	0	4	58	0	0	18	7	11	0	28	201	3	24	0	916	634	1	4	7	1465	24	57	35	6	3	9	1	0	1	2	60	311	39	2	14	0	0	438	149	1	0	456	0	0	50	5	422	58	553	0	0	297	0	0	0	7	4	1	0	122	3	33	144	0	66	0	59	106	2	0	0	0	0	0	0	768	
33_noda	1728	0	8759	0	2900	349	0	13	0	2455	4486	3592	293	247	4245	2715	0	363	77	160	662	3819	0	543	0	1	1504	64	183	21	109	2330	1	223	45	439	356	179	3	232	0	36	5	47	295	7	0	1099	220	155	1	173	34	0	481	3	462	160	0	13	0	213	0	282	42	0	572	34	0	0	55	778	0	61	738	15	253	163	0	100	111	0	0	40	0	0	46	0	127	559	81	0	0	39	0	0	340	176	51	0	1	120	735	487	155	99	77	0	187	207	25	0	1	28	0	0	0	109	
34_noda	5691	0	3720	0	1471	716	0	66	0	1585	5485	7404	324	382	1543	14206	0	175	95	98	401	1409	0	1273	1	8	836	53	792	23	74	3686	0	254	47	3373	252	0	0	168	0	39	4	50	405	8	0	553	547	240	0	207	35	1	961	5	311	364	0	19	0	142	0	10	228	0	225	75	0	0	18	322	0	292	539	21	163	67	0	144	307	1	0	24	4	0	404	0	59	434	41	0	0	30	0	0	82	92	35	0	0	354	84	859	784	15	238	0	70	230	64	0	0	12	0	0	0	219	
35_noda	1154	0	634	356	8373	134	15	9	0	225	3	469	94	174	42	4604	0	19	263	69	32	1499	0	153	72	25	2060	9	67	129	19	173	17	2	41	541	335	1715	11	9	212	11	2	8	87	7	4	670	0	6	0	25	92	0	57	3	869	167	0	3	7	127	37	0	53	1	2	16	0	0	13	0	28	292	4	6	46	6	0	326	48	0	0	244	1	0	51	6	279	581	85	0	0	171	0	0	4	7	14	8	7	35	7	0	29	22	24	0	0	116	11	0	0	4	0	0	0	937	
36_noda	2876	0	10796	647	2320	173	210	9	1	1906	3687	2038	299	302	1690	981	0	455	82	268	407	73	0	226	146	26	639	122	132	45	112	751	23	274	100	1777	112	4	5	85	0	118	0	44	95	17	51	118	184	198	0	138	36	0	302	5	240	73	3	6	2	63	69	0	156	18	335	36	11	0	51	455	0	124	251	30	105	171	0	94	95	0	0	79	1	0	114	11	108	332	45	1	0	65	0	0	241	136	28	11	10	110	177	207	109	65	95	5	113	81	17	19	0	0	0	4	0	33	
37_noda	1211	0	15006	1	1853	18	0	0	0	2503	13601	141	140	177	50	93	0	614	21	122	73	3	0	10	0	4	663	86	7	8	129	65	0	295	79	0	11	9	1	16	0	85	0	34	4	10	0	7	13	292	0	15	11	0	50	6	164	4	0	0	0	2	0	144	3	0	996	11	0	0	42	2046	0	50	22	21	10	314	0	0	2	0	0	16	0	0	2	0	80	400	1	0	0	28	0	0	777	5	2	0	0	3	9	83	0	46	0	0	251	8	0	0	0	0	0	0	0	4	
38_noda	1284	0	1542	540	845	77	86	3	0	486	733	687	112	130	6210	198	0	98	56	145	54	1738	0	338	229	23	389	22	39	23	32	583	23	287	44	77	44	74	6	15	0	19	1	22	115	9	45	581	226	46	0	296	24	0	222	5	97	34	2	3	1	50	83	37	54	11	389	12	7	0	16	87	4	44	477	8	32	42	0	32	46	0	0	43	0	0	41	21	65	133	12	1	0	31	0	1	296	19	12	8	1	52	578	53	35	34	17	3	55	195	23	12	0	3	0	1	0	7	
39_noda	17246	0	5926	278	5	0	37	0	0	2628	9684	8	1590	1340	539	527	0	1071	93	662	7	124	0	36	247	112	1	465	8	30	604	0	36	2148	360	0	0	0	7	0	0	318	0	411	1	149	12	48	16	2122	0	221	41	0	231	102	0	0	1	0	0	0	65	193	81	1	544	179	11	0	144	1006	0	69	0	179	0	283	0	0	1	0	0	0	0	0	17	40	0	53	0	0	0	0	0	0	317	0	1	3	6	1	55	2	0	90	0	6	51	2	20	7	0	0	0	6	0	1	
3_noda	372	0	32	65	868	73	18	10	0	19	220	338	5	21	121	285	0	3	63	11	6	18	0	404	15	19	193	4	53	40	5	166	10	47	5	0	75	1	3	1	0	4	0	7	32	1	3	13	79	80	0	56	13	4	207	2	80	82	0	4	3	63	4	0	74	4	13	3	1	0	0	5	0	74	46	1	2	2	0	78	46	0	0	87	0	0	47	3	85	19	52	0	0	56	0	0	4	1	8	1	2	44	1	32	65	0	66	2	41	64	80	0	0	0	0	0	0	50	
40_noda	3975	0	242	622	22568	1300	117	39	1	59	22	2702	26	72	562	1625	0	8	801	19	30	200	0	1027	51	44	2115	4	630	296	1	405	43	42	9	1005	2185	1031	9	13	4100	5	0	5	266	2	16	55	131	27	0	114	280	2	160	0	1110	1186	1	7	16	535	30	0	160	22	5	11	7	1	1	0	0	643	163	2	36	5	0	1952	468	0	0	692	0	0	277	9	682	100	356	1	1	684	0	0	2	9	14	21	4	162	7	27	182	0	247	7	30	363	83	6	0	1	0	3	0	329	
41_noda	184	0	383	23	4889	220	11	43	0	127	130	2989	2	10	121	4210	0	8	38	13	54	13	0	262	1	1	769	0	33	8	1	576	1	6	2	1378	612	1981	1	19	0	2	1	1	40	1	3	19	22	3	0	13	6	2	79	0	366	710	0	11	2	401	0	0	28	3	17	2	1	0	1	6	0	72	75	0	19	3	0	398	32	0	0	78	3	0	17	0	136	137	289	0	0	24	0	0	2	22	6	2	0	37	4	24	311	0	271	0	29	213	6	1	0	0	0	0	0	550	
42_noda	281	0	0	22	17290	114	2	1	0	2	4	1771	0	6	0	881	0	0	94	1	0	19	0	6	1	1	632	0	44	43	0	118	3	0	0	163	1227	600	0	0	1	0	0	0	10	0	0	5	0	0	0	6	30	0	3	1	426	740	0	2	1	693	1	0	6	1	0	2	0	0	0	0	0	136	0	0	0	0	0	183	47	0	0	202	0	0	7	0	211	8	732	1	0	153	0	0	0	0	0	2	0	49	0	1	44	0	44	0	0	55	0	0	0	0	0	0	0	333	
43_noda	1636	1	4604	23	48	21	9	1	0	891	1066	266	240	298	1295	157	0	331	5	222	80	616	0	87	12	12	33	105	43	3	103	187	1	276	141	77	1	0	0	18	0	113	1	42	31	27	2	137	35	131	0	178	5	1	74	20	5	3	0	2	0	2	1	35	49	1	306	24	1	0	53	184	0	16	79	20	17	113	0	0	36	0	0	2	0	0	21	0	3	48	0	0	0	4	0	0	214	29	12	1	0	51	227	37	3	73	3	0	0	15	13	2	0	0	0	0	0	0	
44_noda	493	0	3295	48	244	24	13	0	0	560	1433	264	65	69	1181	86	0	142	4	72	71	684	0	221	8	3	84	27	18	3	41	136	1	103	32	80	2	6	0	11	0	20	0	14	18	4	4	133	104	48	0	50	7	1	132	4	29	5	0	1	1	3	5	0	11	0	252	6	1	0	10	178	0	9	73	8	17	57	0	10	11	0	0	6	0	0	5	0	13	82	2	0	0	2	0	0	160	19	3	4	0	14	159	38	12	33	11	3	28	16	13	0	0	1	0	0	0	2	
45_noda	2392	0	263	12	1145	51	7	0	0	92	563	392	47	48	124	42	0	51	157	26	20	1	0	92	2	26	276	22	133	65	15	139	6	146	26	0	43	11	1	5	0	11	0	16	25	4	1	2	18	146	0	81	70	0	62	7	143	34	0	1	0	26	3	0	47	1	13	10	0	0	3	10	0	153	32	7	5	9	0	10	87	1	0	80	0	0	25	1	81	23	32	0	0	130	1	0	8	5	1	0	2	120	3	30	13	1	12	0	39	26	26	1	0	0	0	0	0	3	
46_noda	1211	0	309	6	994	2	3	0	0	86	551	29	26	32	1	99	0	34	92	20	2	0	0	5	3	12	222	11	6	29	10	5	3	100	15	0	4	0	0	0	0	20	0	20	1	1	1	1	2	79	0	4	47	0	12	4	115	2	0	0	0	0	0	0	7	0	14	10	0	0	3	27	0	105	2	8	0	7	0	3	2	0	0	41	0	0	5	0	46	36	1	0	0	70	0	0	7	0	0	1	1	1	0	1	0	0	0	0	32	0	0	1	0	0	0	0	0	8	
47_noda	233	0	601	5	1	0	1	0	0	129	229	1	51	51	5	0	0	51	0	23	2	16	0	0	1	0	0	14	0	0	10	1	0	14	10	1	0	0	0	0	0	16	0	9	0	1	0	5	0	20	0	2	1	0	2	1	0	0	0	0	0	1	0	0	2	0	20	5	0	0	11	39	0	0	0	3	0	10	0	0	0	0	0	0	0	0	0	0	0	0	0	0	0	0	0	0	19	0	1	0	0	0	1	0	0	10	0	1	0	0	0	0	0	0	0	0	0	0	
48_noda	287	0	205	0	1	0	0	0	0	43	123	1	15	15	1	1	0	31	0	8	2	6	0	59	0	0	0	11	1	0	5	0	0	15	11	0	0	0	0	0	0	5	0	2	0	0	0	2	10	17	0	1	0	0	21	2	0	0	0	0	0	0	0	0	14	0	6	5	0	0	1	7	0	0	0	1	0	4	0	0	0	0	0	0	0	0	7	0	0	0	0	0	0	0	0	0	3	0	0	0	0	0	0	1	0	1	0	0	0	0	11	0	0	0	0	0	0	1	
49_noda	4946	0	225	863	6697	168	526	0	1	68	60	1314	99	149	105	304	0	23	776	54	16	414	0	0	105	124	1082	21	356	339	8	370	106	35	33	0	291	58	42	3	0	12	0	14	75	13	89	109	0	11	0	119	252	0	2	19	420	146	7	0	43	242	42	0	14	76	4	26	56	0	5	0	0	654	17	10	15	4	0	0	228	0	0	551	0	0	2	26	279	97	180	15	0	540	0	0	3	5	8	54	32	263	1	3	0	0	1	16	13	87	0	37	0	3	0	22	0	55	
4_noda	4125	0	340	786	69	113	311	1	2	90	15	40	99	100	98	3	0	79	259	63	9	15	0	11	195	177	25	25	172	121	29	16	102	50	33	1	6	83	50	0	302	33	0	14	47	29	101	7	30	3	0	73	107	0	6	34	4	1	17	1	21	4	74	0	10	22	2	16	67	0	5	1	0	37	9	14	12	10	0	1	110	1	0	13	0	0	25	64	3	3	1	12	0	5	0	0	3	7	2	14	17	9	1	3	0	2	0	19	3	0	14	40	0	0	0	39	0	1	
50_noda	222	259	92	61	1449	1777	25	162	43	11	20	650	3	1	1	164	10	0	14	10	24	132	1	6	2	1	53	0	77	5	0	26	0	0	0	106	412	681	1	3	6524	0	3	1	55	0	0	14	0	0	1	2	5	8	1	0	69	561	0	11	3	37	3	0	2	0	0	0	0	1	0	0	0	14	4	0	81	0	1	8	102	6	0	37	3	0	2	1	24	22	18	0	2	14	0	0	0	23	8	1	0	4	0	12	9	0	55	0	3	31	1	1	0	11	6	0	0	10	
51_noda	4865	0	378	6814	0	0	2629	0	0	78	12	0	59	66	0	0	0	48	864	100	2	0	0	1	792	627	0	16	10	578	20	0	616	17	24	0	0	0	531	0	0	20	0	14	0	76	319	0	41	3	0	1	294	0	0	30	1	0	326	0	297	0	316	0	8	234	3	12	215	0	0	0	294	1	0	11	0	8	0	0	0	0	0	1	0	0	10	200	0	0	0	146	0	0	0	0	1	0	0	133	156	0	0	0	0	1	0	110	16	0	14	121	0	0	0	114	0	1	
52_noda	5926	0	0	3353	0	0	876	0	0	0	74	0	0	0	1	0	0	0	594	0	0	0	0	5	510	616	0	0	17	379	0	0	468	86	0	0	0	0	138	0	0	0	0	17	0	33	154	0	319	26	0	3	256	0	5	31	0	0	76	0	120	0	189	0	8	43	0	2	112	0	0	0	227	0	0	3	1	0	0	0	0	0	0	2	0	0	107	183	0	0	0	33	0	0	0	0	0	0	0	31	92	0	0	0	0	0	0	38	33	0	100	57	0	0	0	63	0	0	
53_noda	22963	0	1	14475	0	0	3152	0	0	1	310	0	0	2	0	0	0	0	1761	0	0	0	0	16	1524	1538	0	0	63	1058	0	0	1467	370	0	1	0	0	478	0	0	0	0	77	0	57	389	0	1751	98	0	4	643	0	8	95	0	0	246	0	287	0	572	0	54	191	0	14	278	0	0	0	2181	0	0	3	0	0	0	0	0	0	0	2	0	0	374	466	0	0	0	120	0	0	0	0	0	0	0	96	244	0	0	1	0	0	0	114	160	0	339	113	0	0	0	160	0	0	
54_noda	10318	0	65	8918	0	0	4355	0	0	24	180	0	13	14	1	0	0	10	1833	13	0	0	0	18	1391	1150	0	5	17	997	4	0	1148	202	2	0	0	0	693	0	0	2	0	39	0	107	645	0	663	86	0	2	624	0	3	74	0	0	425	0	393	0	573	0	33	422	0	10	447	0	0	0	4	0	0	4	0	3	0	0	0	0	0	0	0	0	228	428	0	0	0	212	0	0	0	0	2	0	0	260	271	0	0	2	0	0	0	223	128	0	191	276	0	0	0	253	0	0	
55_noda	12691	0	822	17313	0	0	8216	0	0	153	44	0	101	111	0	0	0	96	2132	153	2	0	0	5	1792	1446	0	43	39	1272	23	0	1455	44	51	0	0	0	1128	0	0	51	0	35	0	139	939	2	199	8	0	5	637	0	0	72	0	0	778	0	672	0	723	0	24	532	1	18	544	0	0	2	936	0	0	17	0	16	0	0	0	0	0	1	0	0	46	530	0	0	0	424	0	0	0	0	2	0	1	321	341	0	0	0	0	2	0	334	36	0	35	315	0	0	0	278	0	0	
56_noda	3763	0	0	2222	0	0	1203	0	0	0	17	0	0	0	0	0	0	2	515	1	0	0	0	2	369	394	0	0	7	293	0	0	351	26	0	0	0	0	211	0	0	0	0	5	0	34	188	0	66	12	0	0	179	0	1	22	0	0	111	0	122	0	165	0	14	89	0	3	181	0	0	0	1	0	0	2	0	2	0	0	0	0	0	1	0	0	23	125	0	0	0	39	0	0	0	0	0	0	0	60	92	0	0	0	0	0	0	55	8	0	15	59	0	0	0	85	0	0	
57_noda	3284	0	57	4827	1	0	2158	0	0	12	58	0	8	10	0	0	1	3	614	13	1	0	0	2	483	429	0	2	7	441	4	0	483	33	3	0	0	0	340	0	0	2	0	8	0	48	222	1	117	14	0	2	210	0	3	11	0	0	211	0	208	0	206	0	10	181	0	2	172	0	0	0	28	0	0	1	0	0	0	0	0	0	0	1	0	0	33	156	0	0	0	137	0	0	0	0	0	0	0	109	93	0	0	0	0	0	0	99	38	0	27	89	0	0	0	98	0	0	
58_noda	1167	0	0	4136	0	0	1778	0	0	0	1	0	0	0	1	0	0	0	282	0	0	0	0	0	219	216	0	0	4	195	1	0	236	2	0	0	0	0	317	0	1	0	0	1	0	15	112	0	21	0	0	0	81	0	0	3	0	0	246	0	219	0	86	0	4	125	0	4	67	0	0	0	344	0	0	1	0	0	0	0	0	0	0	2	0	0	3	61	0	1	0	105	0	0	0	0	0	0	0	59	54	0	0	0	0	0	0	62	4	0	2	29	0	0	0	28	0	0	
59_noda	13806	0	0	7853	2	0	5417	0	0	0	165	1	0	0	1	0	0	0	1897	0	0	0	0	10	1235	1100	0	0	38	1093	0	0	1069	180	0	0	0	0	666	0	0	0	0	51	0	118	877	0	572	81	0	7	607	0	0	96	0	0	362	0	346	0	417	1	25	404	0	7	607	0	0	0	149	0	0	5	0	0	0	0	0	0	0	3	0	0	166	361	0	0	0	197	0	0	0	0	0	0	0	254	311	0	0	0	0	0	0	219	77	0	145	278	0	0	0	317	0	0	
5_noda	1041	73	130	1716	895	198	783	11	5	21	0	90	11	10	73	12	4	9	147	9	13	0	0	95	124	62	63	4	117	57	0	20	81	6	2	1	49	1	42	2	967	5	1	2	24	5	61	1	1	2	1	26	30	6	12	7	35	32	59	4	41	27	65	0	13	53	0	4	32	0	0	0	0	24	20	1	9	3	0	6	91	5	0	104	0	0	11	28	40	6	1	11	0	22	0	0	0	4	1	35	14	12	0	0	1	0	11	21	0	12	12	32	0	1	0	15	0	1	
60_noda	2726	0	0	1437	0	0	315	0	0	0	22	2	1	0	0	0	0	0	232	0	0	0	0	4	236	215	0	0	11	138	0	0	172	29	0	0	0	1	72	0	0	0	0	7	0	14	54	0	101	11	0	0	82	0	0	12	1	0	22	0	47	0	79	0	1	22	0	0	44	0	0	0	27	0	0	0	0	0	0	0	0	0	0	1	0	0	28	70	0	0	0	9	0	1	0	0	0	0	0	12	27	0	0	0	0	0	0	260	5	0	18	19	0	0	0	23	0	0	
61_noda	2342	0	4	6160	4	0	2351	0	0	0	27	1	0	0	1	0	0	0	475	0	0	0	0	1	449	388	0	0	7	260	0	0	425	25	0	0	0	0	380	0	0	0	0	4	0	27	161	0	196	6	0	1	141	0	0	9	0	0	293	0	235	1	174	0	10	140	1	2	117	0	0	0	1	2	0	1	0	0	0	1	0	0	0	4	0	0	18	109	0	0	0	163	0	0	0	0	0	0	0	79	87	1	0	1	0	0	0	79	46	0	42	72	0	0	0	71	0	0	
62_noda	4237	0	44	4698	0	1	3253	0	0	10	30	0	4	9	3	0	0	5	849	12	0	0	0	6	650	461	0	2	9	521	0	1	514	38	2	0	0	0	446	0	0	6	0	11	0	45	412	0	110	9	0	1	277	0	1	29	0	0	285	0	255	0	212	0	5	207	0	2	269	0	0	0	1	0	0	5	0	0	0	0	0	0	0	0	0	0	33	169	0	0	0	157	0	0	0	0	0	0	0	125	124	0	0	0	1	0	0	121	36	0	33	136	0	0	0	114	0	0	
63_noda	1161	0	0	3295	0	0	2181	0	0	0	90	0	0	0	0	0	0	0	476	0	0	0	0	0	346	224	0	0	2	304	0	0	309	21	1	0	0	0	444	0	0	0	0	5	0	31	220	0	9	21	0	1	98	0	2	8	0	0	321	0	269	0	130	0	4	229	0	0	118	0	1	0	237	0	0	2	0	0	0	0	0	0	0	0	0	0	4	88	0	0	0	164	0	0	0	0	0	0	0	146	87	0	0	0	0	1	0	123	61	0	6	72	0	0	0	75	0	0	
64_noda	1366	0	11	1492	4	0	965	0	0	5	7	2	7	10	0	1	0	3	372	12	0	1	0	0	300	248	0	2	6	257	3	0	296	0	5	0	1	0	224	0	0	1	0	2	0	31	206	0	1	4	0	1	113	0	0	21	0	0	137	0	153	0	119	0	1	70	2	2	122	0	0	0	14	0	0	2	0	1	0	0	0	0	0	0	0	0	0	80	0	0	0	59	0	0	0	0	0	0	0	61	86	0	0	0	0	0	0	48	5	0	0	70	0	0	0	55	0	0	
65_noda	7910	0	0	11877	2	0	9285	0	0	1	65	0	1	0	1	3	0	0	1673	0	0	0	0	6	1137	918	2	0	22	1084	0	0	1054	71	0	1	0	0	1114	0	0	0	0	30	0	97	883	0	343	18	0	4	476	0	2	46	1	0	883	0	609	0	373	2	17	569	0	7	585	0	0	0	7	0	0	4	0	0	0	0	0	0	0	3	0	0	64	322	0	0	1	888	0	1	0	0	0	0	0	405	326	0	0	0	0	0	0	337	83	0	60	292	0	0	0	317	0	0	
66_noda	2173	1	97	4377	0	0	2758	0	0	26	48	1	17	22	1	0	2	10	715	41	0	0	0	2	513	354	0	10	7	482	6	0	429	59	8	0	0	0	570	0	0	6	0	10	0	49	324	1	182	13	0	1	192	0	0	23	0	0	356	0	331	0	200	0	6	263	0	1	175	0	0	0	717	0	0	2	0	3	0	0	0	0	0	1	0	0	57	115	0	0	0	161	0	0	0	0	2	0	0	143	151	0	0	0	0	0	0	136	79	0	51	103	0	0	0	126	0	0	
67_noda	1819	0	0	3474	1	0	2382	0	0	0	29	0	1	0	0	0	0	0	475	0	0	0	0	4	334	274	1	0	8	323	0	0	319	35	0	0	0	0	367	0	0	0	0	8	0	26	206	0	156	11	0	0	149	0	2	19	0	0	325	0	239	0	128	0	14	167	0	0	145	0	0	0	159	0	0	1	0	0	0	0	0	0	0	0	0	0	29	93	0	0	0	143	0	0	0	0	0	0	0	119	97	0	0	0	0	0	0	103	44	0	34	82	0	0	0	81	0	0	
68_noda	1586	0	0	6416	1	0	5441	0	0	0	3	0	0	0	1	0	0	0	630	0	0	0	0	1	399	264	0	0	8	369	0	0	428	4	0	0	0	0	832	0	0	0	0	5	0	42	345	0	11	0	0	1	130	0	0	7	0	0	657	0	484	0	157	0	5	385	0	0	160	0	0	0	316	0	0	0	0	0	0	0	0	0	0	1	0	0	2	85	0	0	0	333	0	0	0	0	0	0	0	233	143	0	0	0	0	0	0	195	6	0	4	105	0	0	0	104	0	0	
69_noda	5394	0	0	1206	2	0	1840	0	0	0	109	1	0	1	0	0	0	0	833	0	0	1	0	7	261	322	0	0	13	596	3	1	238	216	0	0	0	0	316	0	0	0	0	27	0	64	333	0	314	59	0	6	256	1	5	83	0	0	69	0	121	1	61	0	15	185	0	1	268	0	0	0	252	1	0	2	0	0	0	0	1	0	0	0	0	0	147	70	0	0	0	40	0	1	0	0	0	0	0	97	233	0	0	1	0	0	0	82	51	0	127	112	0	0	0	122	0	0	
6_noda	2047	0	1392	0	122	1	1	0	0	430	1012	19	240	193	53	8	0	216	24	95	8	0	0	16	0	11	77	94	19	7	79	29	0	212	51	1	1	0	0	2	0	56	0	45	5	20	0	5	4	177	0	25	15	0	41	16	18	1	0	0	0	0	1	0	17	0	63	20	0	0	18	123	0	30	3	26	0	55	0	1	4	0	0	8	0	0	7	0	11	27	0	0	0	12	0	0	39	2	1	0	0	14	2	9	0	25	0	0	8	3	7	0	0	0	0	0	0	0	
70_noda	6002	0	450	4246	0	0	2666	0	0	100	63	1	64	104	0	0	0	67	959	109	3	0	0	7	700	641	0	33	9	584	23	0	545	97	40	0	0	0	402	0	0	31	0	22	0	91	433	2	247	40	0	0	304	0	3	48	0	0	239	0	219	0	227	0	16	192	3	20	315	0	2	2	334	0	0	17	0	18	0	0	0	0	0	1	0	0	58	149	0	0	0	108	0	0	0	0	10	0	0	94	178	0	0	0	0	1	0	110	53	0	74	145	0	0	0	157	0	0	
71_noda	3590	0	0	4050	0	0	2305	0	0	0	10	0	0	0	0	0	0	0	706	0	0	0	0	1	490	394	0	0	6	360	0	0	419	15	0	0	0	0	378	0	0	0	0	9	0	47	269	0	56	3	0	0	202	0	0	24	0	0	243	0	200	0	186	0	8	187	0	3	178	0	0	0	402	0	0	2	0	0	0	0	0	0	0	0	0	0	13	141	0	0	0	108	0	0	0	0	0	0	0	97	101	0	0	0	0	0	0	99	14	0	11	102	0	0	0	96	0	0	
72_noda	6631	0	0	3968	0	0	1744	0	0	0	42	1	0	1	0	0	0	0	790	0	0	0	0	5	561	674	0	0	23	507	0	0	523	49	0	0	0	0	318	0	0	0	0	12	0	55	237	0	174	13	0	0	247	0	1	36	0	0	125	0	163	0	194	0	11	472	0	3	200	0	0	0	104	0	0	1	0	0	0	0	0	0	0	1	0	0	38	183	0	0	0	73	0	0	0	0	0	0	0	91	137	0	0	1	0	0	0	69	21	0	39	66	0	0	0	127	0	0	
73_noda	6805	0	21	1651	0	0	773	0	0	5	1	0	5	9	0	0	0	5	417	2	1	0	0	1	307	370	0	2	17	246	1	0	297	6	2	0	0	0	90	0	0	5	0	16	0	23	130	0	7	1	0	0	144	0	0	34	0	0	36	0	39	0	90	0	14	48	0	6	108	0	0	0	213	0	0	0	0	1	0	0	0	0	0	1	0	0	3	84	0	0	0	17	0	0	0	0	0	0	0	32	78	0	0	0	0	1	0	30	0	0	3	33	0	0	0	82	0	0	
74_noda	4203	0	0	2300	0	0	846	0	0	1	30	0	0	1	0	0	0	0	490	0	0	0	0	3	379	418	0	0	17	274	0	0	362	64	0	0	0	1	136	0	0	0	0	8	0	34	157	0	121	20	0	1	173	0	0	23	0	0	72	0	90	0	103	0	12	47	0	1	97	0	0	0	74	0	0	4	0	0	0	0	0	0	0	0	0	0	58	104	0	0	0	38	0	0	0	0	0	0	0	48	55	0	0	0	0	0	0	37	18	0	51	47	0	0	0	61	0	0	
75_noda	841	0	0	654	0	0	186	0	0	0	5	0	0	0	0	0	0	0	223	2	0	0	0	0	164	163	0	0	3	152	0	0	166	16	0	0	0	0	102	0	0	0	0	1	0	26	47	0	17	3	0	0	62	0	0	8	0	0	41	0	66	0	72	0	2	20	0	1	33	0	0	0	67	0	0	2	0	0	0	0	0	0	0	0	0	0	7	51	0	0	0	28	0	0	0	0	0	0	0	14	38	0	0	0	0	0	0	11	2	0	7	11	0	0	0	37	0	0	
76_noda	1257	0	28	2375	0	0	1473	0	0	3	4	0	0	1	1	0	0	2	141	1	0	0	0	0	109	83	0	0	3	108	0	0	97	3	0	0	1	0	85	0	0	0	0	4	0	3	74	0	22	0	0	0	51	0	0	7	0	0	82	0	55	0	65	0	5	40	0	3	42	0	0	0	82	0	0	0	0	0	0	0	0	0	0	0	0	0	2	32	0	0	0	37	0	0	0	0	0	0	0	25	26	0	0	0	0	0	0	31	2	0	1	42	0	0	0	25	0	0	
77_noda	979	0	0	793	0	0	312	0	0	0	7	0	0	0	8	0	0	0	131	0	0	0	0	0	77	67	0	0	3	51	0	0	43	9	0	0	0	0	43	0	0	0	0	2	0	3	35	0	32	0	0	2	29	0	0	3	0	0	21	0	8	0	45	0	0	10	0	0	28	0	0	0	3	0	0	0	0	0	0	0	0	0	0	0	0	0	6	25	0	0	0	11	0	0	0	0	0	0	0	13	12	0	0	0	0	0	0	10	6	0	7	21	0	0	0	9	0	0	
78_noda	758	0	120	608	0	0	328	0	0	25	10	0	11	30	0	0	0	13	120	17	0	0	0	0	106	102	0	2	3	77	5	0	76	16	13	0	0	0	56	0	0	11	0	9	0	19	71	0	29	6	0	0	59	0	0	12	1	0	28	0	25	0	52	0	2	20	1	4	40	0	1	0	19	0	0	2	0	0	0	0	0	0	0	0	0	0	14	26	0	0	0	19	0	0	0	0	0	0	0	7	28	0	0	0	0	1	0	13	11	0	9	18	0	0	0	18	0	0	
79_noda	1514	1	30	2359	0	0	1586	0	0	10	39	0	7	7	0	0	0	4	489	9	0	0	0	1	366	289	0	4	3	291	1	0	324	38	2	0	0	0	353	0	0	6	0	6	0	44	244	0	115	19	0	1	163	0	1	19	0	0	215	0	211	0	168	0	8	143	1	2	145	0	0	1	75	0	0	2	0	0	0	0	0	0	0	0	0	0	57	91	0	0	0	126	0	0	0	0	0	0	0	81	94	0	0	1	0	0	0	96	49	0	49	94	0	0	0	79	0	0	
7_noda	2	0	2	2	2	0	1	0	0	1	0	2	0	0	1	0	0	0	0	0	0	0	0	0	0	0	0	0	0	0	0	0	0	0	0	0	0	0	0	0	0	0	0	0	0	0	0	0	0	0	0	0	0	0	0	0	0	0	0	0	0	0	1	0	0	0	1	0	0	0	0	0	0	0	0	0	0	0	0	0	0	0	0	0	0	0	0	0	0	0	0	0	0	0	0	0	0	0	0	0	0	0	0	0	0	0	1	0	0	0	0	0	0	0	0	0	0	0	
80_noda	1522	0	10	3729	0	0	2188	0	0	1	25	0	0	3	1	1	0	0	332	2	0	0	0	6	267	176	0	0	3	227	0	0	261	16	0	0	0	0	349	0	0	0	0	5	0	22	177	1	189	4	0	0	116	0	0	7	0	0	273	0	214	0	113	0	3	145	0	0	103	0	0	0	62	0	0	0	0	0	0	0	0	0	0	1	0	0	33	83	0	0	0	164	0	0	0	0	0	0	0	90	69	0	0	0	0	0	0	110	46	0	33	61	0	0	0	47	0	0	
81_noda	4654	0	114	1468	1	0	826	0	0	62	106	0	68	99	0	0	0	49	846	49	0	1	0	5	520	628	0	37	15	581	30	1	428	186	32	0	0	0	298	0	0	22	0	44	0	148	331	4	156	92	0	0	251	0	3	75	0	0	100	0	143	0	150	0	27	145	10	10	305	0	2	1	2	0	0	19	0	4	0	0	0	0	0	0	0	0	195	186	0	0	0	51	0	0	0	0	3	0	0	76	159	0	0	0	0	2	0	82	32	0	120	99	0	0	0	157	0	0	
82_noda	1793	0	345	2430	0	0	1729	0	0	57	66	0	27	40	0	0	0	31	255	64	1	0	0	5	250	177	0	8	8	192	8	0	198	75	21	0	0	0	213	0	0	14	0	13	0	24	189	1	358	10	0	1	76	0	0	10	0	0	131	0	134	0	83	0	5	77	6	4	96	0	1	0	9	0	0	2	0	9	0	0	0	0	0	0	0	0	67	37	0	0	0	59	0	0	0	0	13	0	0	64	53	0	0	0	0	1	0	43	68	0	80	72	0	0	0	41	0	0	
83_noda	937	0	0	355	1	0	239	0	0	2	25	0	0	1	0	0	0	1	165	0	0	0	0	1	88	108	0	0	3	113	0	0	75	23	1	0	0	0	54	0	0	0	0	7	0	25	57	0	43	5	0	0	60	0	1	9	0	0	26	0	31	0	41	0	5	36	1	0	62	0	0	0	5	0	0	0	0	0	0	0	0	0	0	0	0	0	22	42	0	0	0	13	0	0	0	0	0	0	0	12	25	0	0	0	0	0	0	13	7	0	15	20	0	0	0	37	0	0	
84_noda	477	0	176	1066	0	0	840	0	0	32	6	0	6	16	0	0	0	16	111	25	1	0	0	0	106	68	0	4	1	62	9	0	67	3	6	0	0	0	83	0	0	7	0	2	0	13	88	0	20	0	0	0	37	0	0	2	0	0	78	0	58	0	50	0	1	36	1	3	43	0	0	0	9	0	0	2	0	2	0	0	0	0	0	1	0	0	3	23	0	0	0	34	0	0	0	0	1	0	0	24	15	0	0	0	0	2	0	23	8	0	7	28	0	0	0	11	0	0	
85_noda	4265	0	11	2830	0	0	2029	0	0	1	122	0	1	4	1	0	0	3	603	5	0	0	0	8	401	379	0	2	16	404	1	0	369	145	1	0	0	0	267	0	0	0	0	22	0	27	265	1	536	43	0	2	178	0	1	23	0	0	144	0	148	0	147	0	18	132	0	2	185	0	0	0	6	0	0	2	0	0	0	0	0	0	0	1	0	0	178	124	0	0	0	72	0	0	0	0	0	0	0	101	124	0	0	0	0	0	0	95	74	0	135	98	0	0	0	121	0	0	
86_noda	1207	0	0	5114	0	0	3635	0	0	0	5	0	0	0	0	0	0	0	492	0	0	0	0	1	317	258	0	0	3	337	0	0	367	8	0	0	0	0	713	0	0	0	0	5	0	30	237	0	25	1	0	0	128	0	0	10	0	0	500	0	423	0	136	0	5	266	0	0	131	0	0	0	40	0	0	0	0	0	0	0	0	0	0	0	0	0	10	92	0	0	0	293	0	1	0	0	0	0	0	171	109	0	0	0	0	0	0	177	12	0	5	114	0	0	0	79	0	0	
87_noda	2926	5	1	3493	0	2	2319	2	0	0	53	0	0	0	2	0	1	0	916	0	0	0	0	3	625	515	0	0	7	562	0	0	577	65	0	0	0	0	498	0	0	0	0	14	0	85	395	0	135	26	0	2	247	0	1	31	0	0	290	1	314	0	218	0	14	214	0	3	278	0	0	0	0	0	0	0	0	0	0	0	0	0	0	1	0	0	62	192	0	0	0	188	0	0	0	0	0	0	0	141	157	0	0	0	0	0	0	132	45	0	50	129	0	0	0	156	0	0	
88_noda	10110	7	32	5448	0	1	3543	1	1	7	31	0	14	7	1	0	0	11	1373	6	1	1	0	2	971	911	0	7	29	812	6	0	845	42	5	0	0	0	496	0	0	3	1	25	0	68	625	0	98	8	0	2	429	0	1	61	1	0	264	0	267	0	263	0	20	262	1	7	402	0	0	0	336	0	0	3	0	2	0	0	0	0	0	0	0	0	45	279	0	0	0	159	0	0	1	0	0	0	0	162	241	0	0	0	0	0	0	146	19	0	24	154	0	0	0	212	0	0	
89_noda	183	6	2	299	0	2	297	2	1	1	0	0	0	0	0	0	0	0	26	0	1	0	2	0	14	24	0	0	3	18	0	0	15	0	0	0	0	0	19	0	0	0	0	0	0	0	25	0	2	0	0	0	7	0	0	0	0	0	18	0	11	0	4	0	1	10	0	0	14	0	0	0	4	0	0	0	0	0	0	0	0	0	0	0	0	0	0	8	0	0	0	6	0	0	0	0	0	0	0	3	3	0	1	0	0	0	0	8	1	0	0	5	0	0	0	11	0	0	
8_noda	910	0	6438	1495	1695	73	738	5	0	1375	5211	1141	75	112	843	458	0	269	72	305	243	14	0	713	429	40	498	56	45	24	71	444	32	168	49	264	60	0	45	60	9	35	2	23	67	19	209	76	325	197	0	41	19	0	501	3	157	37	25	2	20	106	133	0	43	42	306	12	43	1	22	577	1	41	193	16	57	138	0	58	36	0	0	108	0	0	37	26	86	302	35	12	0	26	0	1	298	78	19	42	8	38	71	269	56	62	31	17	384	68	48	53	0	1	0	10	0	39	
90_noda	5164	8	1	4564	1	4	3394	1	1	0	106	0	0	0	0	0	2	0	804	0	0	0	3	11	536	472	0	0	13	512	1	0	513	98	0	0	0	0	473	0	0	0	0	12	0	59	401	0	409	33	0	0	250	0	2	27	0	0	276	0	239	0	197	0	12	213	0	2	287	0	0	0	343	0	0	1	0	0	0	0	0	0	0	2	0	0	109	158	0	0	0	136	0	0	0	0	0	0	0	134	147	0	0	1	0	0	0	129	60	0	90	139	0	0	0	141	0	0	
91_noda	5	13978	1172	0	1	11923	0	4100	4291	432	2	2	0	0	0	0	409	3	1	98	563	0	407	0	0	0	0	0	0	0	1	0	0	0	1	0	0	0	0	342	5	0	174	0	372	0	0	45	0	0	212	0	0	1	0	0	0	0	0	144	0	0	0	1	0	0	0	0	0	175	0	0	0	0	0	0	332	5	113	0	33	17	130	0	64	0	0	0	0	0	0	0	144	0	1	76	2	170	188	0	0	0	0	0	0	4	13	0	0	0	0	0	64	150	169	0	77	0	
92_noda	2	15190	174	0	0	3127	1	2860	2981	122	0	2	0	0	0	0	311	0	0	16	146	0	273	0	0	0	0	0	0	1	0	0	0	0	0	0	0	0	0	126	3	0	113	0	58	0	0	29	0	0	107	0	0	1	0	1	0	0	0	78	0	0	0	0	0	0	0	0	0	127	0	0	0	0	0	0	52	0	107	0	7	6	85	0	46	1	0	0	0	0	0	0	52	0	0	46	0	29	46	0	0	0	0	0	0	1	4	0	0	0	0	0	47	57	60	0	42	0	
93_noda	1	34198	755	0	1906	8231	0	3263	3274	232	9	0	0	0	0	5	283	0	0	36	244	0	246	0	0	0	30	0	1	0	0	0	0	0	0	0	596	0	0	93	3	0	133	0	75	0	0	28	0	0	121	0	0	0	0	0	74	128	0	35	0	0	0	0	0	1	0	0	0	45	0	0	0	0	1	0	56	0	43	0	8	8	70	75	42	0	0	0	137	17	0	0	28	0	0	60	0	38	47	0	0	0	0	2	0	0	2	0	0	0	0	0	51	37	38	0	33	0	
94_noda	2	29071	2384	1	0	7930	1	4642	4566	1104	533	0	0	2	10	0	2402	15	0	186	1112	14	1339	0	0	0	0	0	0	0	10	0	0	1	3	0	0	0	0	800	4	0	572	0	747	2	0	151	0	13	585	3	0	4	42	0	0	0	0	613	0	0	0	0	0	0	19	0	0	442	0	22	0	0	120	0	321	13	457	0	24	32	318	0	596	1531	0	0	0	0	0	0	458	0	4	232	8	208	252	0	0	0	2	311	0	12	33	0	0	0	0	0	207	238	270	0	226	0	
95_noda	3	35687	3699	0	247	8104	0	4420	4479	1535	118	7	0	2	4	11	2248	8	0	268	1832	18	2048	0	0	0	27	0	0	0	7	1	0	0	0	0	153	0	1	1191	19	0	816	0	529	0	0	228	0	0	848	1	0	5	22	0	16	35	0	373	0	0	0	0	0	0	9	0	0	612	0	6	0	0	21	0	429	7	592	0	20	33	409	14	294	0	0	0	26	25	0	0	326	0	2	306	10	274	262	0	0	0	0	81	0	28	16	0	0	3	0	1	325	298	376	0	303	0	
96_noda	4	22903	1028	238	1295	6883	167	3834	3826	384	395	0	0	0	8	25	876	6	0	80	465	2	620	0	20	0	80	0	0	1	3	0	0	0	1	0	704	0	6	353	2	0	269	0	319	0	11	51	0	7	240	2	0	2	31	0	49	219	2	301	4	0	10	0	1	15	13	0	0	220	0	11	0	0	120	0	193	2	167	0	27	42	120	100	82	0	0	0	145	49	0	0	170	0	1	95	7	95	105	18	0	0	0	258	0	4	21	14	24	12	0	4	90	119	129	0	112	2	
97_noda	1	30159	1393	0	0	5023	0	4264	4084	639	340	0	0	0	10	0	1726	9	0	112	789	7	1304	0	0	0	0	0	0	0	8	0	2	0	0	0	1	0	0	630	3	0	539	0	319	1	0	128	1	10	554	1	0	5	25	0	0	0	0	395	0	0	0	0	0	0	21	0	0	501	0	10	0	0	101	0	212	9	413	0	18	35	342	0	237	44	0	0	0	0	0	0	256	0	3	199	18	112	142	0	0	0	1	229	0	7	27	0	0	0	0	0	165	202	197	0	201	0	
98_noda	4	25110	182	0	0	4360	2	2716	2724	90	3	3	0	0	0	0	261	0	0	11	104	0	173	1	0	0	0	0	1	0	0	1	0	0	0	0	0	0	0	79	2	0	53	0	40	0	0	15	0	0	68	1	0	0	0	0	0	0	0	35	0	0	0	0	0	0	0	0	0	60	0	0	0	0	0	0	45	1	46	0	6	8	39	0	34	61	0	0	0	0	0	0	34	0	0	23	0	15	13	0	0	0	0	1	0	1	6	0	0	0	0	0	17	14	19	0	19	0	
99_noda	0	8973	3923	0	0	3559	0	2158	2050	1407	13	4	0	5	2	0	1373	30	0	268	1692	23	1138	0	0	0	0	0	0	0	15	0	0	0	1	0	0	0	0	797	4	1	792	1	583	5	0	220	0	0	733	2	0	7	1	0	0	0	0	392	0	0	0	0	0	0	1	0	0	462	1	1	0	0	7	1	457	15	299	0	16	25	394	0	293	0	0	0	0	0	0	0	360	0	4	324	5	405	434	0	0	0	0	11	0	71	13	0	0	0	0	0	219	357	330	0	259	0	
9_noda	7648	0	8544	1766	4308	10	900	1	0	1707	4746	65	647	726	14	141	0	704	481	613	30	975	0	833	427	212	1104	278	34	231	233	35	126	706	309	4	12	0	69	9	1	279	0	131	3	83	270	285	196	693	0	30	198	0	459	53	345	6	25	0	26	6	157	0	173	63	367	63	89	0	92	476	0	399	5	68	4	190	0	54	8	0	0	326	0	0	113	46	205	478	4	14	0	276	0	0	254	4	2	44	37	11	2	29	3	112	0	33	338	6	121	76	0	1	0	42	0	13	
total	1017546	755498	290002	221140	199193	187601	120798	100584	96896	93650	90069	83777	68360	68179	66247	46278	45507	43989	40089	35747	33046	31455	30663	29620	28077	27913	27540	23799	22866	22738	22664	21978	21937	21868	20393	19697	19100	18220	18022	17746	17471	16774	16091	15719	15303	15270	15089	14914	14325	14101	14064	13933	13538	13370	12318	12096	11907	11846	11822	10702	10496	10416	10314	10250	9743	9417	9276	9273	9261	9226	9205	9157	8676	8624	8458	8441	8439	8403	8188	8070	7857	7780	7775	7620	7442	7353	7176	7174	7087	6738	6586	6569	6460	6286	6088	6038	5987	5843	5781	5762	5719	5631	5627	5603	5556	5543	5471	5272	5218	5194	5155	5135	5122	5079	5041	5032	4973	4958