	seqr_1	seqr_2	seqr_3	seqr_4	seqr_5	seqr_6	seqr_7	seqr_8	seqr_9	seqr_10	seqr_11	seqr_12	seqr_13	seqr_14	seqr_15	seqr_16	seqr_17	seqr_18	seqr_19	seqr_20	seqr_21	seqr_22	seqr_23	seqr_24	seqr_25	seqr_26	seqr_27	seqr_28	seqr_29	seqr_30	seqr_31	seqr_32	seqr_33	seqr_34	seqr_35	seqr_36	seqr_37	seqr_38	seqr_39	seqr_40	seqr_41	seqr_42	seqr_43	seqr_44	seqr_45	seqr_46	seqr_47	seqr_48	seqr_49	seqr_50	seqr_51	seqr_52	seqr_53	seqr_54	seqr_55	seqr_56	seqr_57	seqr_58	seqr_59	seqr_60	seqr_61	seqr_62	seqr_63	seqr_64	seqr_65	seqr_66	seqr_67	seqr_68	seqr_69	seqr_70	seqr_71	seqr_72	seqr_73	seqr_74	seqr_75	seqr_76	seqr_77	seqr_78	seqr_79	seqr_80	seqr_81	seqr_82	seqr_83	seqr_84	seqr_85	seqr_86	seqr_87	seqr_88	seqr_89	seqr_90	seqr_91	seqr_92	seqr_93	seqr_94	seqr_95	seqr_96	seqr_97	seqr_98	seqr_99	seqr_100	seqr_101	seqr_102	seqr_103	seqr_104	seqr_105	seqr_106	seqr_107	seqr_108	seqr_109	seqr_110	seqr_111	seqr_112	seqr_113
100_rpob	0	0	14	0	0	7	0	0	0	1	0	0	0	0	0	0	0	0	0	0	0	0	0	0	0	0	0	0	0	0	0	0	0	0	0	0	0	0	0	0	0	0	0	0	0	0	0	0	0	0	0	0	0	0	0	0	0	0	0	0	0	0	0	0	1	0	0	0	0	0	0	0	0	0	0	0	0	0	0	0	0	0	0	0	0	0	0	0	0	0	0	0	0	0	0	0	0	0	0	0	0	0	0	0	0	0	0	0	0	0	0	0	0	
101_rpob	0	0	175	0	0	35	0	0	0	51	0	0	1	0	0	0	0	0	0	0	0	0	2	0	0	0	0	0	1	0	0	0	0	0	37	0	0	0	0	0	0	0	0	2	0	0	0	0	0	0	0	0	0	0	0	0	1	0	0	0	4	0	0	0	0	0	0	0	0	0	4	0	0	0	0	0	0	0	0	0	0	0	2	0	0	0	0	0	0	0	4	0	0	0	0	0	0	1	0	0	0	5	0	0	0	0	1	0	0	0	0	0	0	
102_rpob	2	1	815	0	0	1366	0	0	0	1249	0	0	0	0	0	0	0	0	0	0	0	0	224	0	0	0	0	0	3	0	0	0	0	0	1	0	0	0	0	0	0	0	0	7	0	0	0	0	0	0	0	0	0	0	0	0	86	0	0	0	54	0	0	0	0	0	0	0	0	0	5	0	0	0	0	0	0	0	0	0	0	0	47	0	0	0	53	0	0	0	2	0	0	0	0	0	0	77	0	0	0	0	0	0	0	0	26	0	0	0	0	0	1	
103_rpob	1	0	56	0	0	36	0	0	0	64	0	0	0	0	1	0	0	0	0	0	0	0	3	0	0	0	0	0	0	0	0	0	0	0	6	0	0	0	0	0	0	0	0	0	0	0	0	0	0	0	0	0	0	0	0	0	0	0	0	0	3	0	0	0	4	0	0	0	0	0	1	0	0	0	0	0	0	0	0	0	0	0	1	0	0	0	0	0	0	0	3	0	0	0	0	0	0	1	0	0	0	1	0	0	0	0	0	0	0	0	0	0	0	
104_rpob	0	0	1444	0	0	362	0	0	0	206	0	0	0	0	0	0	0	0	0	0	0	0	83	0	0	0	0	0	1	0	0	0	0	0	12	0	0	0	0	0	0	0	0	21	0	0	0	0	0	0	0	0	0	0	0	0	28	0	0	0	13	0	0	0	0	0	0	0	0	0	1	0	0	0	0	0	0	0	0	0	0	0	44	0	0	0	11	0	0	0	9	0	0	0	0	0	0	12	0	0	0	8	0	0	0	0	28	0	0	0	0	0	3	
105_rpob	0	0	677	0	0	458	0	1	1	176	0	0	0	0	0	0	0	0	0	0	0	0	58	0	0	0	0	0	7	0	0	0	0	0	73	0	0	0	0	0	0	0	0	25	0	0	0	0	0	0	0	0	0	0	0	0	6	0	0	0	27	0	0	0	53	0	0	0	0	0	18	0	0	0	0	0	0	0	0	0	0	0	23	0	0	0	22	0	0	0	16	0	0	0	0	0	1	19	0	0	0	13	0	0	0	0	5	0	0	0	0	0	2	
106_rpob	0	0	170	0	0	48	0	0	0	30	0	0	0	0	0	0	0	0	0	0	0	0	35	0	0	0	0	0	2	0	0	0	0	0	15	0	0	0	0	0	0	0	0	3	0	0	0	0	0	0	0	0	0	0	0	0	1	0	0	0	60	0	0	0	6	0	0	0	0	0	0	0	0	0	0	0	0	0	0	0	0	0	21	0	0	0	1	0	0	0	1	0	0	0	0	0	0	6	0	0	0	3	0	0	0	0	13	0	0	0	0	0	0	
107_rpob	0	0	150	0	0	44	0	0	0	20	0	0	0	0	0	0	0	0	0	0	0	0	3	0	0	0	0	0	0	0	0	0	0	0	11	0	0	0	0	0	0	0	0	1	0	0	0	0	0	0	0	0	0	0	0	0	0	0	0	0	3	0	0	0	1	0	0	0	0	0	2	0	0	0	0	0	0	0	0	0	0	0	3	0	0	0	2	0	0	0	1	0	0	0	0	0	0	1	0	0	0	2	0	0	0	0	5	0	0	0	0	0	0	
108_rpob	0	0	585	0	0	137	0	0	0	120	1	0	0	0	0	0	0	0	0	0	0	0	21	0	0	0	0	0	3	0	0	0	0	0	34	0	0	0	0	0	0	0	0	8	0	0	0	0	0	0	0	0	0	0	0	0	4	0	0	0	12	0	0	0	24	0	0	0	0	0	6	0	0	0	0	0	0	0	0	0	0	0	10	0	0	0	5	0	0	0	11	0	0	0	0	0	0	2	0	0	0	4	0	0	0	0	0	0	0	0	0	0	0	
109_rpob	0	0	1	0	0	0	0	0	0	0	0	0	0	0	0	0	0	0	0	0	0	0	0	0	0	0	0	0	0	0	0	0	0	0	1	0	0	0	0	0	0	0	0	0	0	0	0	0	0	0	0	0	0	0	0	0	0	0	0	0	0	0	0	0	0	0	0	0	0	0	0	0	0	0	0	1	0	0	0	0	0	0	0	0	0	0	0	0	0	0	0	0	0	0	0	0	0	0	0	0	0	0	0	0	0	0	0	0	0	0	0	0	0	
10_rpob	5648	3357	1	215	1030	0	939	8479	3351	0	374	2184	2489	226	219	192	269	0	1025	1916	287	111	0	123	29	598	1119	670	35	858	1474	1	340	0	0	62	98	747	97	185	0	0	391	0	552	0	149	7	329	225	38	94	101	238	477	0	0	5	408	1	0	0	71	12	0	66	18	25	82	307	0	31	64	42	1	467	570	281	41	496	282	5	0	0	268	0	0	98	192	23	0	69	153	0	2	20	45	0	298	16	153	0	212	0	324	2	0	54	174	303	0	4	0	
110_rpob	1	0	12	0	0	3	0	0	0	1	0	0	0	0	0	0	0	0	0	0	0	0	0	0	0	0	0	0	0	0	0	0	0	0	0	1	0	0	0	0	0	0	0	0	0	0	0	0	0	0	0	0	0	0	0	0	0	0	0	0	0	0	0	0	0	0	0	0	0	0	0	0	0	0	0	0	0	0	0	0	0	0	0	0	1	0	0	0	0	0	0	0	0	0	0	0	0	0	0	0	0	0	0	0	0	0	0	0	0	0	0	0	0	
111_rpob	0	0	467	0	3	194	0	0	0	110	0	0	0	0	0	0	0	0	0	0	0	0	1	0	0	0	0	0	0	0	0	0	0	0	8	0	0	0	0	0	0	0	0	1	0	0	0	0	0	0	0	0	0	0	0	0	7	0	0	0	4	0	0	0	0	0	0	0	0	0	0	0	0	0	0	0	0	0	0	0	0	0	5	0	0	0	10	0	0	0	0	0	0	0	0	0	0	2	0	0	0	0	0	0	0	0	10	0	0	0	0	0	0	
112_rpob	0	0	78	0	0	23	1	0	0	17	0	0	0	0	0	0	0	0	0	0	0	0	0	0	0	0	0	0	0	0	0	0	0	0	6	0	0	0	0	0	0	0	0	0	0	0	0	0	0	0	0	0	0	0	0	0	0	0	1	0	3	0	0	0	0	0	0	0	0	0	0	0	0	0	0	0	0	0	0	0	0	0	0	0	0	0	1	0	0	0	1	0	0	0	0	0	0	0	0	0	0	1	0	0	0	0	3	0	0	0	0	0	0	
113_rpob	0	1	1006	0	0	403	0	0	0	272	0	0	0	0	0	0	0	0	0	0	0	0	43	0	0	0	0	0	2	0	0	0	0	0	82	0	0	0	0	0	0	0	0	16	0	0	0	0	0	0	0	0	0	0	0	0	12	0	0	0	28	0	0	0	28	0	0	0	0	0	8	0	0	0	0	0	0	0	0	0	0	0	18	0	0	0	13	0	0	0	11	0	0	0	1	0	0	10	0	0	0	18	0	0	0	0	50	0	0	0	0	0	0	
114_rpob	0	0	284	0	0	104	0	0	0	77	0	0	0	0	0	0	0	0	0	0	0	0	26	0	0	0	0	0	0	0	0	0	0	0	0	0	0	0	0	0	0	0	0	0	0	0	0	0	0	0	0	0	0	0	0	0	8	0	0	0	12	0	0	0	0	0	0	0	0	0	0	0	0	0	0	0	0	0	0	0	0	0	11	0	0	0	7	0	0	0	1	0	0	0	0	0	0	4	0	0	0	0	0	0	0	0	0	0	0	0	0	0	0	
115_rpob	0	0	1626	0	0	626	0	0	0	505	0	0	0	0	0	0	0	0	0	0	0	0	14	0	0	0	0	0	1	0	0	0	0	0	58	0	0	0	0	0	0	0	0	27	0	0	0	0	0	0	0	0	0	0	0	0	36	0	0	0	1	0	0	0	34	0	0	0	0	0	9	0	0	0	0	0	0	0	0	0	0	0	3	0	0	0	18	0	0	0	23	0	0	0	0	0	0	2	0	0	0	18	0	0	0	0	39	0	0	0	0	0	0	
116_rpob	0	0	11914	0	0	10094	0	0	0	5666	0	0	1	0	0	0	0	0	0	0	0	0	569	0	0	0	0	0	75	0	0	0	0	0	547	0	0	0	0	0	0	0	0	415	0	0	0	0	0	0	0	0	0	0	0	0	352	0	0	0	224	0	0	0	818	0	0	0	0	0	336	0	0	0	0	0	0	0	0	0	0	0	173	0	0	0	362	0	0	0	243	0	0	0	0	0	0	173	0	0	0	174	0	0	0	0	167	0	0	0	0	0	93	
117_rpob	0	0	13948	0	0	7179	0	0	0	7072	0	0	0	0	0	0	0	0	0	0	0	0	1520	0	0	0	0	0	16	0	0	0	0	0	298	0	0	0	1	0	0	0	0	129	0	0	0	0	0	0	0	0	0	0	0	0	697	0	0	0	457	0	0	0	1	0	0	0	0	0	78	0	0	0	0	0	0	0	0	0	0	0	636	0	0	0	232	0	0	0	124	0	0	0	0	0	0	333	0	0	0	133	0	0	0	0	87	0	0	0	0	0	58	
118_rpob	1	0	10401	0	1	12868	0	0	0	2744	0	0	0	0	0	0	0	0	0	0	0	0	2307	0	0	0	0	0	422	0	0	0	0	0	1036	1	0	0	0	0	0	0	0	921	0	0	0	0	0	0	0	0	0	0	0	0	184	0	0	0	856	0	0	0	2554	0	0	0	0	0	1205	0	0	0	0	0	0	0	0	0	0	0	620	0	0	0	478	0	0	0	589	0	0	0	1	0	0	785	0	0	0	329	0	0	0	0	765	0	0	0	0	1	693	
119_rpob	3	0	17862	0	0	14599	0	0	0	5989	0	0	0	0	0	0	0	0	0	0	0	0	917	0	0	0	0	0	199	0	0	0	0	0	479	8	0	0	0	0	0	0	0	375	0	0	0	0	0	0	0	0	0	0	0	0	424	0	0	0	200	0	0	0	414	0	0	0	0	0	327	0	0	0	0	0	0	0	0	0	0	0	210	0	0	0	491	0	0	0	200	0	0	0	2	0	2	175	0	0	0	142	0	0	0	0	207	0	0	0	0	0	90	
11_rpob	2190	11490	10	991	2528	0	176	3253	2605	0	115	2685	1015	170	75	16	145	0	1689	1341	27	101	1	36	24	166	2099	1447	102	228	352	7	872	0	0	27	1	360	34	58	0	0	64	0	231	0	367	33	389	35	13	29	197	84	182	0	0	1	51	0	0	0	173	1	0	41	81	10	8	902	0	38	46	18	2	265	275	135	0	321	368	4	0	1	272	0	0	124	191	12	0	9	197	0	8	48	1	0	512	0	404	0	68	2	228	6	0	10	326	61	0	13	0	
120_rpob	0	0	11314	0	0	4094	0	0	1	4147	0	0	0	0	0	0	0	0	0	0	0	0	1083	0	0	0	0	0	113	0	0	0	0	0	927	0	0	0	0	0	0	0	0	759	0	0	0	0	0	0	0	0	0	0	0	0	547	0	0	0	303	0	0	0	14	0	0	0	0	0	304	0	0	0	0	0	0	0	0	0	0	0	415	1	0	0	147	0	0	0	389	0	0	0	0	0	1	148	0	0	0	353	0	0	0	0	130	0	0	0	0	2	713	
121_rpob	0	0	2479	0	0	2405	0	0	0	2030	0	0	0	0	0	0	0	0	0	0	0	0	579	0	0	0	0	0	35	0	0	2	0	0	155	0	0	0	0	0	0	0	0	102	0	0	0	0	0	0	0	0	0	0	0	0	158	0	0	0	181	0	0	0	151	0	0	0	0	0	109	0	0	0	0	0	0	0	0	0	0	0	162	0	0	0	69	2	0	0	72	0	0	7	1	0	0	147	0	0	0	60	0	0	0	0	102	0	0	0	0	0	4	
122_rpob	1	0	3716	0	0	2305	0	0	0	1906	0	0	0	0	0	0	0	0	0	0	0	0	131	0	0	0	0	0	2	0	0	0	0	0	58	0	0	0	0	0	0	0	0	24	0	0	0	0	0	0	0	0	0	0	0	0	183	0	0	0	31	0	0	0	1	0	0	0	0	0	21	0	0	0	0	0	0	0	0	0	0	0	53	0	0	0	84	0	0	0	38	0	0	0	0	0	0	26	0	0	0	30	0	0	0	0	191	0	0	0	0	0	0	
123_rpob	5	1	2434	0	0	800	0	0	0	687	0	0	0	0	0	0	0	1	0	0	0	0	237	0	0	0	0	0	45	0	0	0	0	0	489	0	0	0	0	1	0	0	0	196	0	0	0	0	0	0	0	0	0	0	0	0	94	1	0	0	54	0	0	0	56	0	1	0	0	0	64	0	0	0	0	0	0	0	0	0	0	0	62	0	0	0	27	0	0	0	145	0	0	0	0	0	0	23	0	0	0	143	0	0	0	0	37	0	0	0	0	0	22	
124_rpob	4	1	1460	0	0	2428	0	0	0	1165	0	0	0	0	0	0	0	0	0	0	0	0	81	0	0	0	0	0	1	0	0	0	0	0	2	0	0	0	0	0	0	0	0	11	0	0	0	0	0	0	0	0	0	0	0	0	81	0	0	0	23	0	0	0	7	0	0	0	0	0	20	0	0	0	0	0	0	0	0	0	0	0	20	0	0	0	80	0	0	0	4	0	0	0	0	0	1	38	0	0	0	4	0	0	0	0	51	0	0	0	0	0	16	
125_rpob	1	1	9023	0	0	8016	0	0	0	4049	0	0	0	0	0	0	0	0	0	0	0	0	442	0	0	0	0	0	39	0	0	0	0	0	1113	0	0	0	0	0	0	0	0	481	0	0	0	0	0	0	0	0	0	0	0	0	339	0	0	0	74	0	0	0	0	0	0	0	0	0	427	0	0	0	0	0	0	0	0	0	0	0	112	0	0	0	354	0	0	0	376	0	0	0	0	0	2	98	0	0	0	423	0	0	0	0	124	0	0	0	0	0	214	
126_rpob	4	5	15122	0	0	7163	0	0	0	5597	0	0	0	0	0	0	0	0	0	0	0	0	708	0	0	0	0	0	153	0	0	0	0	0	1054	0	0	0	0	0	0	0	0	1079	0	1	0	0	0	0	0	0	0	0	0	0	636	0	0	0	170	0	0	0	1006	0	0	0	0	0	476	0	0	0	0	0	0	0	0	0	0	0	234	0	0	0	235	0	0	0	767	0	0	0	0	0	2	97	0	0	0	411	0	0	0	0	397	0	0	0	0	0	2	
127_rpob	7	2	16342	1	0	14930	0	0	0	7914	0	0	0	0	0	0	0	0	0	0	0	0	996	0	0	0	0	0	26	0	0	0	0	0	99	0	0	0	0	0	0	0	0	163	0	0	0	1	0	0	0	0	0	0	0	0	718	0	0	0	350	0	0	0	210	0	0	1	0	0	119	0	0	0	0	0	0	0	0	0	0	0	382	0	0	1	506	0	0	0	111	0	0	0	0	0	1	331	0	0	0	37	0	0	0	0	273	0	0	0	0	0	6	
128_rpob	4	1	11229	0	0	3993	0	0	0	3852	0	0	0	0	0	0	0	0	0	0	0	0	1106	0	0	0	0	0	15	0	0	0	0	0	25	0	0	0	0	0	0	0	0	74	0	0	0	0	0	0	0	0	0	0	0	0	374	0	0	0	455	0	0	0	89	0	0	0	0	0	29	0	0	0	0	0	0	0	0	0	0	0	542	0	0	0	144	0	0	0	34	0	0	0	0	0	0	186	0	0	0	9	0	0	0	0	259	0	0	0	0	0	117	
129_rpob	11	4	9424	2	0	15749	0	0	0	10487	0	0	0	0	0	0	0	0	0	0	0	0	3987	0	1	1	0	0	247	0	0	0	0	0	1780	0	0	0	0	1	0	0	0	385	0	0	0	0	0	0	0	0	0	0	0	0	573	0	0	0	1695	0	0	0	193	0	0	0	0	0	617	0	0	0	0	0	0	0	0	0	0	0	865	0	0	0	559	0	0	0	379	0	0	0	0	0	0	1423	0	0	0	721	0	0	0	0	653	0	0	0	0	0	309	
12_rpob	17291	23241	3938	3922	157	79	142	1	0	0	1811	0	0	36	82	823	60	1	0	1	44	1045	8	42	366	56	0	1	20	1	0	1522	73	0	0	15	3025	0	123	80	0	557	0	264	0	0	130	504	1	0	6	26	2	0	4	0	0	23	0	47	0	295	47	0	0	17	2	61	9	2	7	75	16	22	797	0	0	0	153	1	0	194	3	4	0	76	2	0	2	2	2	18	0	113	1078	98	1	0	0	1593	3	0	1	243	0	14	3	8	0	0	1	0	1	
130_rpob	2	1	9421	1	0	10442	0	0	0	10450	1	0	0	0	0	0	0	0	0	0	0	0	208	0	0	0	0	0	28	0	0	1	0	1	1656	0	0	0	0	0	0	0	0	578	0	0	0	0	0	0	0	0	0	0	0	0	649	0	0	0	5	0	0	0	13	0	0	0	0	0	618	0	0	0	1	0	0	0	0	0	0	0	9	0	0	0	345	0	0	0	450	0	0	0	1	0	1	9	0	0	0	655	0	0	0	0	103	0	0	0	0	0	12	
131_rpob	20247	17426	17	2997	63	62	0	0	0	0	721	0	0	77	0	497	0	434	0	0	0	450	1	0	290	33	0	1	16	0	0	103	18	441	0	4	0	0	93	218	300	0	0	3	0	470	212	180	0	0	0	234	1	0	1	456	1	347	0	0	0	1	204	175	0	0	244	133	0	1	6	105	0	1	14	0	0	0	74	0	0	127	0	400	0	15	2	0	0	198	0	0	0	17	12	111	346	0	0	0	0	0	1	2	0	285	0	0	0	0	313	137	376	
132_rpob	6980	2933	1169	1663	21	44	13	0	0	1	1244	0	0	60	4	677	7	2039	0	0	8	303	15	3	187	7	0	0	14	0	0	534	0	860	1	16	0	0	216	127	981	0	0	156	0	503	78	97	0	1	4	115	0	0	0	114	4	372	0	0	0	1	82	374	0	1	114	36	6	0	9	110	1	2	403	0	0	0	160	0	0	98	0	57	0	82	2	0	0	196	0	1	0	127	163	16	0	0	0	0	0	0	0	3	0	166	6	0	0	0	43	184	0	
133_rpob	21384	9942	9	3493	87	32	0	0	0	1	1986	0	0	175	0	1433	0	2593	0	0	0	702	2	0	391	290	1	0	31	5	0	47	131	1395	1	25	0	0	348	477	1194	0	0	0	0	951	336	93	0	0	7	812	9	0	3	564	0	868	0	1	0	3	542	559	0	0	332	339	0	0	3	303	0	0	1	0	0	0	271	0	0	87	0	246	0	630	0	0	0	459	0	0	0	766	0	157	8	0	0	0	0	0	2	3	0	394	0	34	0	0	228	352	4	
134_rpob	10679	4329	92	1327	96	22	0	0	0	1	1036	0	0	86	0	739	0	1318	0	0	0	296	5	0	159	8	0	0	19	0	0	108	5	729	0	7	29	0	148	156	544	0	0	18	0	413	96	59	0	0	7	259	0	0	1	533	0	378	0	0	0	0	117	279	0	0	123	119	0	1	1	72	0	0	44	0	0	0	131	0	0	66	0	266	0	66	2	0	0	217	0	0	0	88	24	40	1	0	0	15	0	0	0	3	0	160	0	1	0	0	224	152	0	
135_rpob	15878	7200	265	1117	152	231	0	1	0	0	614	0	0	188	0	567	0	445	0	0	0	305	10	0	259	13	0	1	20	1	0	390	8	507	0	8	0	0	90	303	266	0	0	33	0	319	189	208	0	1	6	468	0	0	0	309	0	395	0	1	1	7	284	138	0	0	152	236	0	0	24	102	0	0	230	0	0	0	99	0	0	214	0	260	0	296	9	0	0	250	0	0	0	249	107	121	43	0	0	0	0	0	0	2	0	161	2	0	0	0	236	115	7	
136_rpob	12844	9058	542	2679	115	703	0	0	0	2	1518	0	0	156	0	1040	0	1512	0	0	0	761	31	0	422	5	0	2	41	3	1	888	7	998	0	25	0	0	239	354	965	0	0	115	0	891	326	399	0	0	15	346	0	0	1	614	0	591	0	0	2	10	224	362	0	0	389	198	0	2	113	285	0	0	360	0	0	0	179	0	0	292	1	432	0	77	22	1	0	410	0	0	0	43	249	139	5	0	0	0	1	0	2	2	0	484	2	3	0	0	382	376	0	
137_rpob	9634	10138	89	1565	137	358	0	0	0	0	675	0	0	130	0	487	0	268	0	0	0	504	27	0	244	8	0	4	29	5	0	611	15	334	0	12	0	0	85	303	263	0	0	29	0	397	360	460	0	1	12	419	0	0	3	183	0	304	0	1	11	19	457	128	0	0	291	261	0	0	85	152	0	0	91	0	0	0	76	0	0	229	0	277	0	430	10	0	0	227	0	0	0	212	105	251	9	1	0	0	4	0	6	4	0	286	1	1	0	0	186	135	1	
138_rpob	7832	2510	57	219	3	13	0	0	0	0	53	0	0	13	0	58	0	15	0	0	0	20	0	0	72	6	0	0	0	0	0	71	0	52	0	0	0	0	6	79	13	0	0	4	0	23	24	83	0	0	0	134	0	0	0	130	1	43	0	3	0	2	48	10	0	0	9	111	0	1	2	2	0	0	83	0	0	0	5	0	0	105	0	143	0	12	0	0	0	22	0	0	0	5	38	22	4	0	0	0	0	0	0	0	0	18	0	0	0	0	104	7	0	
139_rpob	2	1	1	3	0	1	0	0	0	0	0	0	0	0	0	0	0	1	0	0	0	0	0	0	0	0	0	0	0	0	0	0	1	0	0	0	0	0	0	0	0	0	0	0	0	0	0	0	0	0	0	0	0	0	0	0	0	0	0	0	0	0	0	0	0	0	0	0	0	0	0	0	0	0	0	0	0	0	0	0	0	0	0	0	0	0	0	0	0	0	0	0	0	0	0	0	0	0	0	0	0	0	0	0	0	0	0	0	0	0	0	0	0	
13_rpob	47079	38372	207	9388	3038	1	1581	103	116	1	1560	3	24	1132	930	934	789	1	91	80	665	771	208	423	964	688	40	54	386	76	49	489	608	0	0	71	168	1	225	343	0	5845	4	13	1	0	293	1498	45	6	60	73	48	2	44	0	0	44	2	4526	290	2557	70	10	0	337	20	849	275	42	0	261	232	346	55	0	18	0	164	19	17	430	1	18	4	462	0	26	16	10	0	274	27	3	65	717	0	0	13	115	26	0	29	2659	12	28	1	21	5	0	1	11	0	
140_rpob	1	2	2	0	0	1	0	0	0	1	0	0	0	0	0	0	0	0	0	0	0	0	0	0	0	0	0	0	0	0	0	0	0	0	0	0	0	0	0	0	0	0	0	0	0	0	0	0	0	0	0	0	0	0	0	0	0	0	0	0	0	0	0	0	0	0	0	0	0	0	0	0	0	0	0	0	0	0	0	0	0	0	0	0	0	0	0	0	0	0	0	0	0	1	0	0	0	0	0	0	0	0	0	0	0	0	0	0	0	0	0	0	0	
141_rpob	5	1	5	1	0	1	0	0	0	0	0	0	0	0	0	0	0	0	0	0	0	0	0	0	0	0	0	0	0	0	0	0	0	0	0	0	0	0	0	0	0	0	0	0	0	0	0	0	0	0	0	0	0	0	0	0	0	0	0	0	0	0	0	0	0	0	0	0	0	0	0	0	0	0	0	0	0	0	0	0	0	0	0	0	0	1	0	0	0	0	0	0	0	0	0	0	0	0	0	0	0	0	0	0	0	0	0	0	0	0	0	0	0	
142_rpob	2	1	2	0	0	2	0	0	0	0	1	0	0	0	0	1	0	0	0	0	0	0	0	0	0	0	0	0	0	0	0	0	0	0	0	0	0	0	0	0	0	0	0	0	0	0	0	0	0	0	0	0	0	0	0	0	0	0	0	0	0	0	0	0	0	0	0	0	0	0	0	0	0	0	0	0	0	0	0	0	0	0	1	0	0	0	0	0	0	0	0	0	0	0	0	0	0	0	0	0	0	0	0	0	0	0	0	0	0	0	0	1	0	
143_rpob	3	2	2	0	0	2	0	0	0	2	0	0	0	0	0	0	0	0	0	0	0	0	0	0	0	0	0	0	0	0	0	0	0	0	0	0	0	0	0	0	0	0	0	0	0	0	0	0	0	0	0	0	0	0	0	0	0	0	0	0	0	0	0	0	1	0	0	0	0	0	0	0	0	0	0	0	0	0	0	0	0	0	0	0	0	0	1	0	0	0	0	0	0	0	0	0	0	0	0	0	0	0	0	0	0	0	0	0	0	0	0	0	0	
144_rpob	5	1	2	0	0	0	0	0	0	1	0	0	0	0	0	0	0	0	0	0	0	1	0	0	0	0	0	0	0	0	0	0	0	0	1	0	0	0	0	0	0	0	0	0	0	0	0	0	0	0	0	1	0	0	0	1	0	0	0	0	1	0	0	0	0	0	0	0	0	0	0	0	0	0	1	0	0	0	0	0	0	0	0	0	0	0	0	0	0	0	0	0	0	0	0	0	0	0	0	0	0	0	0	0	0	0	0	0	0	0	0	0	0	
145_rpob	1	1	0	0	0	1	0	0	0	1	0	0	0	0	0	0	0	0	0	0	0	0	0	0	0	0	0	0	0	0	0	0	0	0	0	0	0	0	0	0	0	0	0	0	0	0	0	0	0	0	0	0	0	0	0	0	0	0	0	0	0	0	0	0	0	0	0	0	0	0	0	0	0	0	0	0	0	0	0	0	0	0	0	0	0	0	0	0	0	1	0	0	0	0	0	0	0	0	0	0	0	0	0	0	0	0	0	0	0	0	0	0	0	
146_rpob	4	1	0	0	0	0	0	0	0	0	0	0	0	0	0	0	0	0	0	0	0	0	0	0	0	0	0	0	0	0	0	0	0	0	0	0	0	0	0	0	0	0	0	0	0	0	0	1	0	0	0	0	0	0	0	1	0	0	0	0	0	0	0	0	0	0	0	0	0	0	0	0	0	0	0	0	0	0	0	0	0	0	0	0	0	0	0	0	0	1	0	0	0	0	0	1	0	0	0	0	0	0	0	0	0	0	1	0	0	0	0	0	0	
147_rpob	0	1	2	0	0	0	0	0	0	0	0	0	0	0	0	0	0	0	0	0	0	0	0	0	0	0	0	0	0	0	0	0	0	0	0	0	0	0	0	0	0	0	0	0	0	0	0	0	0	0	0	0	0	0	0	0	0	0	0	0	0	0	0	0	0	0	0	0	0	0	0	0	0	0	0	0	0	0	0	0	0	0	0	0	0	0	0	0	0	0	0	0	0	0	0	0	0	0	0	0	0	0	0	0	0	0	0	0	0	0	0	0	0	
148_rpob	0	1	0	0	0	0	0	0	0	0	0	0	0	0	0	0	0	0	0	0	0	0	0	0	0	0	0	0	0	0	0	0	0	0	0	0	0	0	0	0	0	0	0	0	0	0	0	0	0	0	0	0	0	0	0	0	0	0	0	0	0	0	0	0	0	0	0	0	0	0	0	0	0	0	0	0	0	0	0	0	0	0	0	0	0	0	0	0	0	0	0	0	0	0	0	0	0	0	0	0	0	0	0	0	0	0	0	0	0	0	0	0	0	
149_rpob	0	0	0	0	0	0	0	0	0	0	0	0	0	0	0	0	0	0	0	0	0	0	0	0	0	0	0	0	0	0	0	0	0	0	0	0	0	0	0	0	0	0	0	0	0	0	0	0	0	0	0	0	0	0	0	0	0	0	0	0	0	0	0	0	0	0	0	0	0	0	0	0	0	0	0	0	0	0	0	0	0	0	0	0	0	0	0	0	0	0	0	0	0	0	0	0	0	0	0	0	0	0	0	0	0	0	0	0	0	0	0	0	0	
14_rpob	4159	3820	4	1288	26675	1	1855	168	709	0	465	581	41	2755	901	222	1735	151	232	49	318	291	3	426	39	161	592	629	1818	146	141	1	249	24	0	1515	0	12	85	54	62	0	111	3	4	126	179	10	156	100	1412	32	1237	140	78	0	0	14	25	1	0	0	102	273	0	623	580	27	138	88	0	73	560	287	3	13	7	1	45	31	60	11	0	3	139	0	0	94	87	113	0	143	103	0	40	82	2	0	174	0	222	0	52	6	30	15	0	32	757	0	0	226	0	
150_rpob	2	0	0	1	0	0	0	0	0	0	0	0	0	0	0	0	0	0	0	0	0	0	0	0	0	0	0	0	0	0	0	0	0	0	0	0	0	0	0	0	0	0	0	0	0	0	0	0	0	0	0	0	0	0	0	0	0	0	0	0	0	0	0	0	0	0	0	0	0	0	0	0	0	0	0	0	0	0	0	0	0	0	0	0	0	0	0	0	0	0	0	0	0	0	0	0	0	0	0	0	0	0	0	0	0	0	0	0	0	0	0	0	0	
151_rpob	3	0	0	0	0	1	0	0	0	0	0	0	0	0	0	0	0	0	0	0	0	0	0	0	0	0	0	0	0	0	0	0	0	0	0	0	0	0	0	0	0	0	0	0	0	0	0	0	0	0	0	0	0	0	0	0	0	0	0	0	0	0	0	0	0	0	0	0	0	0	0	0	0	0	0	0	0	0	0	0	0	0	0	0	0	0	0	0	0	0	0	0	0	0	0	0	0	0	0	0	0	0	0	0	0	0	0	0	0	0	0	0	0	
152_rpob	0	0	0	0	0	1	0	0	0	0	0	0	0	0	0	0	0	0	0	0	0	0	0	0	0	0	0	0	0	0	0	0	0	0	0	0	0	0	0	0	0	0	0	1	0	0	0	0	0	0	0	0	0	0	0	0	0	0	0	0	0	0	0	0	0	0	0	0	0	0	0	0	0	0	0	0	0	0	0	0	0	0	0	0	0	0	0	0	0	0	0	0	0	0	0	0	0	0	0	0	0	0	0	0	0	0	0	0	0	0	0	0	0	
153_rpob	1	0	0	0	0	0	0	0	0	0	0	0	0	0	0	1	0	0	0	0	0	0	0	0	0	0	0	0	0	0	0	0	0	0	0	0	0	0	0	0	0	0	0	0	0	0	0	0	0	0	0	0	0	0	0	0	0	0	0	0	0	0	0	0	0	0	0	0	0	0	0	0	0	0	0	0	0	0	0	0	0	0	0	0	0	0	0	0	0	0	0	0	0	0	0	0	0	0	0	0	0	0	0	0	0	0	0	0	0	0	0	0	0	
154_rpob	3	0	0	0	0	0	0	0	0	0	0	0	0	0	0	0	0	0	0	0	0	0	0	0	0	0	0	0	0	0	0	0	0	0	0	0	0	0	0	0	0	0	0	0	0	0	0	0	0	0	0	0	0	0	0	0	0	0	0	0	0	0	0	0	0	0	0	0	0	0	0	0	0	0	0	0	0	0	0	0	0	0	0	0	0	0	0	0	0	0	0	0	0	0	0	0	0	0	0	0	0	0	0	0	0	0	0	0	0	0	0	0	0	
155_rpob	3	2	0	1	0	0	0	0	0	0	0	0	0	0	0	0	0	1	0	0	0	0	0	0	0	0	0	0	0	0	0	0	0	0	0	0	0	0	0	0	0	0	0	0	0	0	0	0	0	0	0	0	0	0	0	0	0	0	0	0	0	0	0	0	0	0	0	0	0	0	0	0	0	0	0	0	0	0	0	0	0	0	0	0	0	0	0	0	0	0	0	0	0	0	0	0	0	0	0	0	0	0	0	0	0	0	0	0	0	0	0	0	0	
156_rpob	3	2	1	0	0	1	0	0	0	0	0	0	0	0	0	0	0	0	0	0	0	0	0	0	0	0	0	0	0	0	0	0	0	0	0	0	0	0	0	0	1	0	0	0	0	0	0	0	0	0	0	0	0	0	0	0	0	0	0	0	0	0	0	0	0	0	0	0	0	0	0	0	0	0	0	0	0	0	0	0	0	0	0	0	0	0	0	0	0	0	0	0	0	0	0	0	0	0	0	0	0	0	0	0	0	0	0	0	0	0	0	0	0	
157_rpob	3	0	0	1	0	1	0	0	0	0	0	0	0	0	0	0	0	0	0	0	0	0	0	0	0	0	0	0	0	0	0	0	0	0	0	0	0	0	0	0	0	0	0	0	0	0	0	0	0	0	0	0	0	0	0	0	0	0	0	0	0	0	0	0	1	0	0	0	0	0	1	0	0	0	0	0	0	0	0	0	0	0	0	0	0	0	0	0	0	0	0	0	0	0	0	0	0	0	0	0	0	0	0	0	0	0	0	0	0	0	0	0	0	
158_rpob	3	2	0	1	0	0	0	0	0	1	0	0	0	0	0	0	0	0	0	0	0	0	0	0	0	0	0	0	0	0	0	0	0	0	0	0	0	0	0	0	0	0	0	0	0	0	0	0	0	0	0	0	0	0	0	1	0	0	0	0	0	0	0	0	0	0	0	0	0	0	0	0	0	0	0	0	0	0	0	0	0	0	0	0	0	0	0	0	0	0	0	0	0	0	0	0	0	0	0	0	0	0	0	0	0	0	0	0	0	0	0	0	0	
159_rpob	29	16	0	5	0	0	0	0	0	0	0	0	0	0	0	0	0	0	0	0	0	0	0	0	1	0	0	0	0	0	0	0	1	0	0	0	0	0	0	1	0	0	0	0	0	0	0	0	0	0	0	0	0	0	0	0	0	0	0	0	0	0	0	0	0	0	0	0	0	0	0	0	0	0	0	0	0	0	0	0	0	0	0	0	0	0	0	0	0	0	0	0	0	1	0	0	0	0	0	0	0	0	0	0	0	1	0	0	0	0	0	0	0	
15_rpob	8049	1575	1	1759	290	0	29856	119	391	0	5026	63	11	74	5279	2460	1580	95	110	31	3615	531	2	3254	156	1424	24	39	58	125	54	36	309	12	0	211	0	2	1479	230	17	0	189	0	3	4	114	12	42	412	82	91	52	294	48	0	0	28	74	0	0	0	44	60	0	225	8	28	958	13	0	327	224	665	0	0	11	1	584	10	22	23	0	6	4	135	0	84	47	14	0	509	33	189	1	6	114	0	2	0	6	0	31	3	4	4	0	1244	6	0	0	15	19	
160_rpob	1	1	0	0	0	0	0	0	0	1	1	0	0	0	0	0	0	0	0	0	0	0	0	0	0	0	0	0	0	0	0	0	0	0	0	0	0	0	0	0	0	0	0	0	0	0	0	0	0	0	0	0	0	0	0	0	0	0	0	0	0	0	0	0	0	0	0	0	0	0	0	0	0	0	0	0	0	0	1	0	0	0	0	0	0	0	0	0	0	0	0	0	0	0	0	0	0	0	0	0	0	0	0	0	0	0	0	0	0	0	0	0	0	
161_rpob	6	1	0	0	0	0	0	0	0	0	0	0	0	0	0	0	0	0	0	0	0	0	0	0	0	0	0	0	0	0	0	0	0	0	0	0	0	0	0	0	0	0	0	0	0	0	0	0	0	0	0	0	0	0	0	0	0	0	0	0	0	0	0	0	0	0	0	0	0	0	0	0	0	0	0	0	0	0	0	0	0	0	0	0	0	0	0	0	0	1	0	0	0	1	0	0	0	0	0	0	0	0	0	0	0	0	0	0	0	0	1	0	0	
162_rpob	24460	11863	632	1105	28	182	0	0	0	0	1085	0	0	64	0	810	0	1775	0	0	0	381	6	0	167	40	0	0	3	0	0	356	17	896	0	7	0	0	186	161	697	0	0	22	0	556	120	110	0	1	2	205	0	0	1	377	0	497	0	1	0	0	112	327	0	0	146	69	0	2	5	81	0	0	233	0	0	0	110	0	0	117	2	135	0	101	8	0	0	238	1	0	0	144	137	35	0	0	0	0	0	0	1	1	0	250	0	1	0	0	108	142	0	
163_rpob	28112	15809	48	3315	143	265	0	0	0	2	3305	0	0	241	0	1937	0	4237	0	0	0	1090	56	0	354	40	0	2	47	1	0	271	21	2047	0	50	377	0	522	516	1644	0	0	7	0	1528	340	256	0	1	15	894	1	0	0	1348	0	1097	0	4	128	2	642	855	0	0	456	345	0	0	23	267	0	0	25	0	0	0	383	0	0	229	1	545	0	820	9	1	0	565	0	0	0	803	21	211	2	3	0	144	0	0	2	5	0	551	2	1	0	0	532	315	1	
164_rpob	14023	8089	1	1323	125	2	0	0	0	0	905	0	0	72	0	649	0	776	0	0	0	362	0	0	138	17	0	0	13	0	0	8	7	443	0	7	268	0	108	125	345	0	0	0	0	380	114	50	0	0	0	54	0	0	1	180	0	245	0	0	0	0	28	142	0	0	102	32	0	1	1	67	0	0	0	0	0	0	118	0	0	41	0	91	0	0	0	0	0	108	0	0	0	0	1	23	0	0	0	134	1	0	1	4	0	143	0	1	0	0	90	72	0	
165_rpob	11792	4914	11	1760	35	28	0	0	0	0	369	0	0	76	0	392	0	109	0	0	0	156	1	0	273	15	0	1	11	3	0	147	0	226	0	1	0	0	40	416	109	0	0	2	0	120	175	210	0	0	0	622	0	0	1	194	0	225	0	0	0	8	339	32	0	1	78	392	0	0	10	106	0	0	17	0	0	0	77	0	0	190	0	298	0	377	0	1	0	163	0	1	0	200	10	154	2	0	0	0	0	0	0	4	0	104	0	0	0	0	179	52	1	
166_rpob	10812	6918	0	771	333	1	0	0	0	0	451	0	0	288	0	424	0	162	0	0	0	287	0	0	122	9	0	0	33	0	0	24	8	315	0	16	0	0	58	235	171	0	0	0	0	271	169	88	0	0	12	166	0	0	3	149	0	272	0	2	0	0	137	83	0	0	151	96	0	0	0	77	0	0	0	0	0	0	65	0	0	80	0	211	0	82	0	0	0	196	0	0	0	28	0	80	1	0	0	0	0	0	0	1	0	165	0	0	0	0	125	88	0	
167_rpob	3970	1591	663	607	10	425	0	0	0	1	295	0	0	20	0	218	0	408	0	0	0	114	14	0	134	6	0	1	7	3	0	480	1	244	0	4	0	0	51	77	294	0	0	45	0	140	45	101	0	0	0	255	0	0	0	525	0	104	0	0	1	7	184	111	0	0	47	123	0	0	40	56	0	0	219	0	0	0	40	0	0	77	1	154	0	182	17	2	0	80	0	0	0	283	103	41	4	0	0	0	1	0	1	1	0	35	2	0	0	0	177	72	0	
168_rpob	3487	1183	35	592	4	312	0	0	0	34	96	0	0	14	0	96	0	36	0	0	0	43	0	0	143	4	1	3	2	2	0	357	3	71	0	0	0	0	10	60	43	0	0	7	0	35	27	126	0	0	0	143	0	0	0	32	5	50	0	0	0	5	61	22	0	0	19	59	0	0	55	30	0	0	30	0	0	0	21	0	0	115	0	40	0	98	15	0	0	32	0	0	0	30	16	24	0	0	0	0	2	1	4	2	0	16	0	0	0	0	48	18	1	
169_rpob	10648	3379	226	527	16	268	16	0	0	0	438	0	0	33	8	412	5	611	0	0	5	144	1	3	118	22	0	0	5	0	0	240	11	367	1	1	23	0	68	86	284	0	0	11	0	159	44	55	0	0	0	1	0	0	1	16	1	224	0	1	0	0	2	128	0	2	51	2	2	0	10	43	2	4	92	0	0	0	73	0	0	74	0	4	0	0	11	0	0	93	0	2	0	0	39	1	3	0	0	11	0	0	1	2	0	66	2	0	0	0	2	67	0	
16_rpob	10605	4447	2263	1229	4	18	19455	7899	4300	0	3228	1251	1670	1	3573	1572	1410	1	791	1427	2311	690	2	2083	125	1253	536	340	2	682	1125	341	598	0	0	2	0	407	917	238	0	0	2345	119	330	0	116	23	336	1503	1	44	0	1234	381	0	3	7	2246	0	0	0	33	2	0	220	1	18	561	168	1	248	234	444	306	140	432	85	311	369	224	44	3	5	1	2	0	446	624	0	1	314	228	5	143	9	5	0	116	0	64	0	179	1	331	2	0	533	1	148	0	0	2	
170_rpob	17588	5906	957	2221	21	131	0	0	0	122	480	0	0	86	0	470	0	317	0	0	0	179	13	0	445	26	0	0	9	1	0	871	6	383	0	3	0	0	73	303	265	0	0	122	0	159	136	311	0	0	1	799	0	0	0	259	9	276	0	0	0	7	387	95	0	0	93	335	0	1	19	147	0	0	758	0	0	0	78	0	0	345	2	171	0	615	3	1	0	192	1	0	0	569	228	118	3	0	0	0	1	0	4	1	0	103	1	0	0	0	158	105	1	
17_rpob	16571	4398	0	703	3623	0	179	645	1205	0	216	112	284	2118	76	231	89	71	797	594	174	82	0	55	115	428	187	479	129	991	442	2	123	73	0	57	0	52	31	326	43	0	14	1	49	21	152	7	295	33	44	131	96	21	549	0	0	49	11	1	0	0	61	23	0	42	57	57	78	147	0	33	29	24	8	5	104	19	40	104	157	35	0	5	131	0	0	67	20	106	0	66	166	0	8	29	492	0	77	0	172	0	336	2	67	11	0	3	223	3	0	22	12	
18_rpob	6596	4553	139	393	244	2	5573	11824	5102	0	844	2084	2212	31	816	378	595	0	796	1345	568	276	0	477	27	627	700	433	4	546	944	24	469	0	0	31	0	728	244	93	0	0	995	5	508	0	77	14	291	591	17	34	25	635	382	0	0	6	1123	0	0	0	30	5	0	73	3	13	169	256	0	54	123	103	15	315	435	194	75	370	214	15	0	1	53	12	0	130	199	0	0	82	133	4	16	10	111	0	174	0	94	0	135	2	259	5	0	128	17	1000	0	2	2	
19_rpob	2071	1046	72	227	407	1	4948	1077	5597	0	642	1747	460	45	727	290	492	0	805	159	453	144	2	612	17	223	168	345	33	426	202	13	115	0	0	116	1	159	200	37	0	0	565	3	204	0	37	3	357	1086	64	21	45	1439	211	0	0	2	284	2	0	0	26	26	0	74	5	5	111	127	0	32	69	120	4	72	44	124	58	54	234	3	0	0	24	23	0	233	128	4	0	106	174	5	8	4	150	0	48	0	61	0	93	0	26	1	0	108	138	1000	0	6	15	
1_rpob	21332	15599	1107	2519	305	16	4147	779	3606	479	2422	315	318	106	1468	1169	1340	2	1832	526	1400	942	6	832	312	1100	286	1025	24	1284	330	577	808	0	0	39	0	44	477	489	1	2	164	61	55	4	381	156	626	512	21	107	15	424	587	0	14	14	107	1	0	0	75	6	0	409	2	35	446	460	3	257	328	370	323	4	130	28	257	86	425	127	1	3	5	0	1	343	123	7	1	467	361	0	259	33	54	0	82	0	276	0	396	3	60	18	0	155	20	1	0	5	3	
20_rpob	1117	815	0	168	170	0	334	647	302	0	213	304	262	67	125	115	158	0	222	335	178	86	0	76	24	163	261	157	18	214	294	0	87	0	0	25	0	69	84	98	0	1	116	1	29	0	101	0	62	94	15	25	24	87	110	0	0	0	144	0	0	0	26	4	0	35	17	12	44	69	0	28	41	25	0	49	101	25	26	65	86	2	0	0	43	0	0	41	77	5	0	45	32	0	1	13	2	0	72	0	49	0	57	1	63	0	0	41	31	0	0	4	1	
21_rpob	8804	1514	0	1099	1986	2	6639	117	674	0	1863	58	38	780	1864	1354	939	74	225	63	1639	263	1	1089	124	908	49	143	216	260	75	4	195	24	0	532	0	5	466	218	30	0	85	0	2	18	130	2	109	271	290	80	202	229	135	0	0	12	50	0	0	0	35	141	0	223	45	46	569	26	0	187	215	409	3	0	15	1	284	13	77	13	0	1	17	57	0	101	28	51	0	384	84	33	1	14	49	0	4	0	35	0	93	2	12	6	0	242	59	0	0	54	6	
22_rpob	9652	6730	0	1925	155	0	2394	78	1013	0	1931	79	30	95	1038	1217	1051	0	785	77	1173	838	0	629	198	829	79	570	27	709	115	2	570	0	0	34	50	7	445	489	0	0	59	1	9	0	390	6	252	359	11	85	18	238	400	0	0	3	16	0	0	0	104	5	0	418	5	36	423	295	0	335	339	410	0	1	15	8	235	7	206	12	0	6	1	54	0	296	38	3	0	474	171	44	0	26	0	0	34	29	190	0	294	10	5	4	0	229	7	0	0	2	0	
23_rpob	9183	5127	61	4623	1172	24	1187	26	664	0	1501	41	11	572	847	717	519	79	560	37	647	429	10	296	370	513	28	319	383	470	42	102	318	47	0	187	0	0	237	330	63	0	15	21	2	44	238	37	213	153	99	89	57	107	262	0	0	38	7	0	0	0	66	57	0	220	48	42	265	139	17	353	167	303	43	0	14	1	176	5	129	41	0	4	5	68	0	284	37	53	0	276	133	1	28	26	1	0	16	0	102	0	174	6	1	12	0	106	66	0	0	61	0	
24_rpob	7	2	1	2	0	0	4	2	0	0	1	1	1	2	0	1	0	0	1	0	1	1	0	0	0	0	0	0	0	0	0	0	0	0	0	0	0	0	1	0	0	0	0	0	0	0	0	0	0	0	0	0	0	0	0	0	0	0	1	0	0	0	0	0	0	0	0	0	0	0	0	0	0	0	0	0	0	0	0	0	0	0	0	0	0	0	0	1	0	0	0	1	0	0	0	0	0	0	0	1	1	0	0	0	0	0	0	0	0	0	0	0	0	
25_rpob	3514	1385	4	5	57	0	1	2535	18209	0	3	4747	1673	9	0	7	1	5	1643	287	2	2	0	0	9	181	171	466	0	1018	387	0	82	2	0	0	1	496	0	48	1	0	3	0	727	1	20	63	809	8	0	33	5	1	559	0	0	3	1	0	0	535	16	2	0	0	0	48	0	182	0	0	0	0	0	194	97	412	1	84	580	11	0	1	3	0	0	3	1	0	0	0	270	0	1	25	1	0	53	1	109	0	267	0	32	2	0	0	16	109	0	1	0	
26_rpob	254	8	966	16	0	48	393	4386	15671	0	9	5347	4247	0	86	9	4	0	227	103	28	0	0	86	6	23	4	9	0	253	123	27	2	0	0	0	0	1332	4	1	0	0	216	25	1934	0	0	1	560	434	0	6	0	552	67	0	0	0	214	0	0	0	0	0	0	2	0	2	6	2	3	5	0	20	21	783	41	1584	1	106	124	2	0	0	1	0	3	431	231	0	0	4	387	0	1	0	0	0	0	0	0	0	26	0	92	0	0	2	2	77	0	0	0	
27_rpob	3097	2957	0	324	354	0	284	3174	4706	0	200	1523	1938	81	70	81	102	0	1143	941	81	73	0	47	21	279	537	854	11	840	578	1	279	1	0	16	133	463	45	108	0	0	129	0	549	0	138	6	495	177	11	57	30	144	366	0	0	0	87	0	0	0	49	0	0	37	16	17	28	359	0	20	26	23	0	254	308	392	19	196	391	5	0	2	82	0	0	126	94	8	0	26	193	0	1	22	1	0	170	40	242	0	209	1	112	2	0	24	82	0	0	1	0	
28_rpob	3412	1508	0	350	5747	0	8044	335	776	0	986	109	85	825	1795	467	2207	5	126	64	949	261	0	1195	39	347	161	278	500	159	68	0	199	1	0	1461	0	14	327	69	2	0	180	0	11	1	134	3	102	340	932	44	643	285	56	97	0	3	149	0	0	0	91	327	0	462	186	18	271	23	0	93	521	303	5	2	15	6	118	31	29	3	0	10	90	23	0	102	58	67	0	213	48	87	24	25	1301	0	39	0	80	0	38	0	16	1	0	149	170	0	4	124	116	
29_rpob	2987	1467	0	237	4047	0	1772	0	2	0	468	0	0	895	586	271	920	87	0	0	441	186	1	414	39	193	0	0	299	0	0	0	119	27	0	649	0	0	113	42	34	0	0	2	0	56	90	1	0	0	437	36	268	0	0	0	0	12	0	1	0	0	71	140	0	226	134	15	180	0	0	58	234	114	4	0	0	0	68	0	0	3	0	2	0	36	0	0	0	59	0	130	0	111	13	30	636	0	1	0	0	0	0	0	0	7	0	42	0	0	0	55	67	
2_rpob	3134	4883	3	1148	3668	0	489	3665	2279	0	308	1555	1375	539	235	64	359	0	884	1179	133	131	2	86	43	261	1450	1199	300	520	636	3	448	0	0	126	2	387	72	123	0	0	164	0	264	0	287	8	363	137	108	44	319	144	264	0	0	4	191	0	0	0	164	27	0	97	145	19	43	393	0	80	95	53	2	272	380	198	17	353	228	6	0	2	616	0	0	234	335	73	0	50	209	0	7	49	0	0	440	0	324	0	142	3	232	2	0	31	462	6	0	35	0	
30_rpob	1	0	0	0	1	0	0	1	0	0	0	0	0	0	0	0	0	0	0	0	0	0	0	0	0	0	0	0	0	0	0	0	1	0	0	0	0	0	0	0	0	0	0	0	0	0	0	0	0	0	0	0	0	0	0	0	0	0	0	0	0	0	0	0	0	0	0	0	0	0	0	0	0	0	0	0	0	0	0	0	0	0	0	0	0	0	0	0	0	0	0	0	0	0	0	1	0	0	0	0	0	0	0	0	0	0	0	0	0	0	0	0	0	
31_rpob	979	690	33	205	226	2	422	3664	3019	0	111	1687	1646	30	133	59	92	0	383	368	61	28	1	100	5	168	249	180	14	253	305	11	117	0	0	9	0	619	25	22	0	0	174	1	524	0	23	1	283	162	9	11	32	212	204	0	0	2	217	0	0	0	8	1	0	21	1	5	22	112	0	16	22	35	2	315	161	281	6	184	151	1	0	0	42	0	0	91	109	4	0	11	104	0	3	0	0	0	66	0	62	0	58	0	93	1	0	14	49	230	0	3	0	
32_rpob	12	3	0	1	2	0	5	32	25	0	0	4	5	1	0	0	0	0	2	0	0	0	0	0	0	0	0	0	0	0	1	0	0	0	0	0	1	2	0	0	0	0	0	0	1	0	0	0	0	0	0	0	0	0	3	0	0	0	0	0	0	0	0	0	0	0	0	0	0	0	0	0	0	0	0	0	0	0	0	0	0	0	0	0	0	0	0	0	0	0	0	0	0	0	0	0	0	0	0	0	0	0	0	0	0	0	0	0	0	4	0	0	0	
33_rpob	1	1	0	0	0	0	0	1	1	0	0	1	1	0	0	0	0	0	0	0	0	0	0	0	0	0	0	0	0	0	0	0	0	0	0	0	0	0	0	0	0	0	0	0	0	0	0	0	0	0	0	0	0	0	0	0	0	0	0	0	0	0	0	0	0	0	0	0	0	0	0	0	0	0	0	0	0	0	0	0	0	0	0	0	0	0	0	0	0	0	0	0	0	0	0	0	0	0	0	0	0	0	0	0	0	0	0	0	0	0	0	0	0	
34_rpob	1	0	0	3	2	0	0	0	2	0	0	0	0	0	0	0	0	0	0	0	0	0	0	0	0	0	0	0	0	0	0	0	0	0	0	0	0	0	0	0	0	0	0	0	0	0	0	0	0	0	0	0	0	0	0	0	0	0	0	0	0	0	0	0	0	0	0	0	0	0	0	0	0	1	0	0	0	0	0	0	0	0	0	0	0	0	0	0	0	0	0	0	0	0	0	0	0	0	0	0	0	0	0	0	0	0	0	0	0	0	0	0	0	
35_rpob	2831	1426	110	385	1	3	476	10837	1739	0	673	1885	2596	1	74	305	51	0	397	1281	61	151	0	73	23	350	501	177	0	350	857	15	206	0	0	5	3149	798	145	72	0	0	1217	2	329	0	43	7	125	500	0	20	0	95	303	0	0	0	189	0	0	0	15	0	0	10	1	9	18	144	0	30	10	15	17	482	440	232	54	344	120	2	0	0	1	0	0	134	392	0	0	15	60	0	11	8	1	0	113	543	51	0	85	0	267	0	0	125	2	425	0	0	0	
36_rpob	8010	4407	0	5019	14906	0	1039	627	999	0	507	78	215	2128	614	261	518	66	263	232	224	132	0	315	135	265	230	403	1737	237	116	5	147	13	0	474	0	25	114	61	44	151	38	2	27	40	136	2	282	64	494	28	463	57	121	0	0	13	36	0	0	0	48	93	0	195	146	16	92	81	0	95	194	231	1	2	55	10	30	96	75	1	0	2	251	0	0	175	109	64	0	76	182	0	6	36	1	0	85	0	154	0	100	41	73	3	0	19	307	0	0	91	0	
37_rpob	1224	2097	0	1319	30122	0	46	277	274	0	37	15	86	890	31	10	44	162	28	42	2	19	1	13	8	12	230	317	1233	25	16	0	18	6	0	177	0	8	5	3	81	0	4	0	10	180	26	1	89	7	255	3	237	0	8	0	0	1	3	1	0	0	83	61	0	25	222	4	4	15	0	5	15	14	0	1	10	0	3	60	8	1	0	1	265	0	0	23	24	16	0	1	35	0	28	46	20	0	76	0	135	0	8	0	34	7	0	0	224	1	0	53	0	
38_rpob	1683	1479	345	310	1259	0	11762	988	65	0	1212	777	63	107	1780	371	1285	925	121	118	672	368	23	1021	24	259	276	35	122	16	166	31	262	48	0	607	107	43	364	32	168	2	986	30	4	99	54	4	5	90	314	11	204	371	40	0	0	11	451	0	0	0	13	227	0	167	42	2	164	36	2	79	234	206	25	31	38	3	107	49	25	1	0	0	62	5	0	25	192	27	1	70	7	0	40	9	221	0	52	14	6	0	9	4	47	16	0	296	48	7	0	58	34	
39_rpob	15424	23482	0	852	34401	0	1694	4	1	0	769	0	1	4926	700	366	1350	95	0	0	413	625	0	392	53	275	0	0	694	0	0	2	472	26	0	868	0	0	183	99	50	0	0	2	0	74	284	50	0	1	811	1	638	0	0	0	0	21	0	0	0	0	8	139	0	527	249	21	167	5	0	120	471	230	10	0	0	0	57	0	0	23	0	6	0	3	0	0	0	58	0	161	0	1	52	58	0	0	0	0	0	0	1	2	1	40	0	19	0	0	0	104	0	
3_rpob	2248	1400	1	176	1424	0	615	1192	1547	2	306	488	703	436	191	127	353	0	498	448	236	116	1	122	36	196	479	637	102	577	429	1	166	0	0	153	0	135	78	151	0	0	154	0	169	0	171	1	275	247	82	62	131	187	171	0	0	1	163	0	0	1	73	45	0	127	89	30	96	141	0	44	90	33	1	68	167	117	32	119	170	3	0	0	244	0	0	160	90	60	0	92	130	0	1	30	0	0	154	0	211	0	195	0	95	2	0	35	270	0	0	27	0	
40_rpob	10116	5784	4661	982	71	75	1058	9006	5228	1	539	1797	2820	31	370	267	245	1	1251	2096	210	168	53	156	178	683	831	671	3	1119	1328	930	384	0	0	4	569	576	145	247	0	247	380	161	534	0	155	186	622	324	3	184	6	180	518	0	3	6	333	0	71	239	123	3	0	43	2	98	96	283	4	116	46	64	694	255	641	227	54	635	378	122	17	4	23	73	3	441	554	2	3	58	431	251	450	55	0	2	226	204	205	0	340	61	510	5	3	49	7	3	0	3	0	
41_rpob	367	76	0	58	454	0	79	8852	3538	0	6	3413	3132	24	8	5	14	0	179	312	5	0	0	10	1	69	434	230	7	133	290	0	8	0	0	7	0	1320	4	6	0	0	48	0	892	0	5	0	146	34	4	4	48	35	62	0	0	0	100	0	0	0	12	2	0	3	5	2	0	12	0	1	2	0	0	943	115	530	0	175	71	0	0	0	278	0	0	35	64	7	0	5	53	0	0	2	0	0	63	0	39	0	31	0	114	0	0	0	185	125	0	2	0	
42_rpob	170	581	0	1	7	0	17	5217	4173	0	2	2629	2365	1	2	1	2	0	290	308	2	1	0	1	1	20	297	277	0	69	68	0	66	0	0	0	0	880	0	3	0	0	8	0	816	0	10	1	124	7	0	1	0	12	32	0	0	0	7	0	0	0	4	0	0	0	0	0	0	84	0	0	0	0	0	569	127	421	0	106	113	0	0	0	1	0	0	1	0	0	0	0	34	0	0	2	0	0	42	0	38	0	16	0	59	0	0	0	5	40	0	0	0	
43_rpob	2061	703	14	221	594	0	2787	1	104	0	712	11	1	136	651	433	434	969	28	0	399	175	2	425	25	169	1	19	66	34	3	1	74	147	0	245	0	0	234	44	200	0	6	1	0	148	47	4	11	60	115	46	51	35	13	0	0	50	0	0	0	0	44	183	0	62	35	18	109	9	0	53	84	90	0	0	0	0	99	0	10	2	0	0	0	39	0	19	3	29	0	86	13	75	4	16	165	0	0	0	8	0	3	0	0	25	0	76	4	0	0	46	13	
44_rpob	995	800	0	219	5234	0	1025	125	184	0	134	21	19	367	362	60	506	5	22	15	82	58	1	164	10	43	46	91	253	22	9	0	44	0	0	404	0	3	35	6	1	0	12	1	2	0	20	0	40	33	311	5	237	26	14	0	0	2	17	0	0	0	48	81	0	106	67	6	34	7	0	13	132	56	0	0	5	1	10	8	4	6	0	0	51	12	0	14	8	11	0	14	28	58	7	26	2	0	26	0	27	0	8	0	13	1	0	12	69	0	0	24	0	
45_rpob	2038	1741	0	332	844	0	40	497	66	0	27	277	68	198	17	12	22	0	100	163	19	8	0	10	16	95	166	30	35	30	128	2	79	0	0	6	0	19	7	37	0	0	11	0	5	0	34	4	11	2	5	16	34	2	81	0	0	1	4	0	0	0	8	1	0	5	11	7	8	53	0	8	7	2	0	18	41	6	2	45	25	4	0	0	54	0	0	9	28	6	0	3	9	0	1	16	0	0	62	0	21	0	11	0	41	2	0	1	25	7	0	2	0	
46_rpob	1306	963	0	5	1091	0	1	316	218	0	1	58	87	194	1	4	0	0	71	80	0	5	0	0	3	43	83	70	6	35	46	0	31	0	0	3	14	26	1	9	0	0	2	0	12	0	19	1	32	2	3	6	28	0	46	0	0	1	0	0	0	0	12	0	0	0	8	6	0	38	0	0	1	0	0	3	27	3	0	38	15	1	0	1	50	0	0	1	1	3	0	0	14	0	3	11	0	0	29	3	23	0	20	0	30	0	0	1	41	0	0	0	0	
47_rpob	248	393	0	170	866	0	16	1	2	0	6	0	1	79	13	6	8	1	0	0	4	5	1	2	3	4	0	0	74	0	0	0	5	1	0	6	1	0	6	0	1	0	0	0	0	1	4	0	0	0	10	0	10	0	0	0	0	0	0	0	0	0	3	2	0	3	5	0	2	0	0	0	6	3	0	0	0	0	1	0	0	0	0	0	0	0	0	0	0	1	0	2	0	0	1	5	0	0	0	0	0	0	0	0	0	0	0	1	0	0	0	1	0	
48_rpob	467	162	0	9	361	0	2	2	0	0	1	1	0	86	2	1	0	0	0	0	0	0	0	1	0	1	0	0	3	0	0	0	3	0	0	0	0	0	0	3	0	0	0	0	0	0	0	1	0	0	1	0	0	0	0	0	0	0	0	0	0	0	0	0	0	1	1	0	0	0	0	1	0	0	0	0	0	0	0	0	0	3	0	0	0	0	0	0	1	1	0	0	1	0	0	0	0	0	0	0	0	0	0	0	0	0	0	0	0	0	0	0	0	
49_rpob	3303	5131	0	357	0	0	16	1055	2821	0	389	431	580	0	1	97	7	0	1299	444	1	176	0	4	12	69	296	661	1	400	183	2	127	0	0	0	819	122	31	53	0	0	64	0	133	0	100	13	288	163	0	26	0	7	243	0	0	1	0	1	0	0	38	0	0	3	0	10	2	415	0	15	3	1	0	29	125	79	21	79	248	7	0	1	0	0	0	74	36	1	0	1	136	0	0	12	3	0	61	225	233	0	134	0	51	6	0	9	0	88	0	0	0	
4_rpob	5182	8010	304	1163	10	3	121	1	13	0	388	0	0	3	44	185	86	0	17	1	40	265	0	27	88	48	2	10	1	6	0	167	58	0	0	1	262	0	32	50	0	8	0	22	0	0	59	88	6	1	0	2	0	1	5	0	0	3	0	1	0	0	1	0	0	39	0	1	15	5	0	40	26	16	118	0	0	0	40	0	2	32	1	4	0	0	0	2	0	0	1	24	3	0	141	1	6	0	0	201	1	0	2	11	1	6	0	7	0	0	0	0	2	
50_rpob	504	563	14147	513	2	1096	43	619	246	204	62	86	175	1	48	11	3	0	58	74	0	11	19	7	37	22	36	30	2	25	49	905	16	0	0	0	363	27	6	5	0	0	35	778	15	0	5	29	62	26	0	5	0	3	9	1	26	0	0	0	0	1	2	0	0	0	0	1	0	14	62	15	0	21	244	7	17	11	3	78	6	16	7	0	1	0	24	188	228	0	7	0	68	0	302	2	0	2	14	372	10	0	14	0	114	1	7	4	1	271	0	0	1	
51_rpob	9403	13066	0	2729	11	0	0	1	0	0	6	0	0	4	0	3	0	0	0	0	0	5	0	0	111	3	0	1	2	0	0	15	16	0	0	2	0	0	0	29	0	0	0	0	0	0	35	80	0	0	0	85	0	0	1	317	0	5	0	1	0	1	121	0	0	0	2	42	0	0	0	5	0	0	0	0	0	0	0	0	0	46	0	231	0	0	0	0	0	0	0	0	0	0	0	65	1	0	0	0	0	0	0	6	0	13	0	0	0	0	192	0	0	
52_rpob	18111	17477	4	6921	0	0	0	0	0	0	1	0	0	0	0	7	0	0	0	0	0	11	0	0	513	24	0	0	0	0	0	13	23	0	0	0	0	0	0	20	0	0	0	0	0	0	18	21	0	0	0	0	0	0	1	0	0	18	0	1	0	0	0	0	0	0	0	1	0	1	0	9	0	0	0	0	0	0	0	0	0	31	0	13	0	0	0	0	0	0	0	0	0	0	0	2	0	0	1	0	0	0	0	11	0	13	0	0	0	0	0	0	0	
53_rpob	5083	2674	0	916	45	0	0	1	0	0	0	0	0	23	0	0	0	0	1	0	0	0	0	0	68	2	0	0	6	0	0	2	4	0	0	0	0	0	0	5	0	0	0	0	0	0	2	5	0	0	0	0	0	0	0	0	0	1	0	1	0	0	0	0	0	0	0	0	0	0	0	0	0	0	0	0	0	0	0	0	0	7	0	3	0	0	0	0	0	0	0	0	0	0	0	0	0	0	0	0	0	0	0	2	0	0	0	0	0	0	0	0	0	
54_rpob	24800	20748	0	5482	0	0	0	0	1	0	2	0	0	0	0	14	0	0	0	0	0	12	0	0	384	31	0	0	0	1	0	13	15	0	0	0	0	0	0	22	0	0	0	0	0	0	14	78	0	0	0	0	0	0	4	0	0	13	0	0	0	46	0	0	0	0	0	32	0	1	0	4	0	0	0	0	0	0	0	0	0	44	0	9	0	0	0	0	0	0	0	0	0	0	0	24	0	0	0	0	0	0	0	6	0	11	0	0	0	0	0	0	0	
55_rpob	31704	16007	1	18366	0	0	1	0	0	0	7	0	0	2	0	17	0	0	0	0	0	5	0	0	1207	40	0	0	1	0	0	177	22	0	0	0	0	0	0	37	0	0	0	0	0	0	17	1014	0	0	0	1	0	0	1	0	0	23	0	4	0	1131	0	0	0	0	0	631	0	1	0	18	0	0	0	0	0	0	2	1	0	254	0	18	0	0	0	0	0	0	0	0	0	0	0	324	0	0	0	0	0	0	0	28	0	9	0	0	0	0	1	0	0	
56_rpob	6504	6204	2	2045	0	0	0	0	0	0	0	0	0	0	0	1	0	0	1	1	0	2	0	0	110	8	0	0	0	0	0	3	5	0	0	0	0	0	0	3	0	0	0	0	0	0	8	8	0	0	0	0	0	0	1	0	0	8	0	153	0	4	0	0	0	0	0	3	0	1	0	1	0	1	0	0	0	0	0	0	0	15	0	6	0	0	0	0	0	0	0	0	0	0	0	3	0	0	0	0	0	0	0	4	0	3	0	0	0	0	0	0	0	
57_rpob	10336	7176	0	2646	199	0	1	0	2	0	4	0	0	124	0	8	0	0	0	1	0	7	0	0	167	14	1	0	35	0	0	6	12	0	0	0	0	0	0	5	0	0	0	0	0	0	8	16	0	0	0	6	0	0	1	0	0	6	0	0	0	0	2	0	0	0	0	5	0	1	0	6	0	0	0	0	0	0	0	0	0	15	0	3	0	13	0	0	0	0	0	0	0	2	0	0	0	0	0	0	0	0	0	2	0	5	0	0	0	0	0	0	0	
58_rpob	9696	2299	1	1142	270	0	4	4	6	0	6	0	1	169	0	11	2	0	5	5	6	2	0	0	98	23	3	0	18	3	4	4	5	0	0	0	0	0	0	12	0	0	0	0	0	0	3	7	0	0	0	1	0	0	3	0	0	2	1	4	0	0	0	0	0	1	1	2	4	1	0	3	0	4	3	0	1	0	1	0	0	17	0	1	0	0	0	1	0	0	0	0	0	0	0	1	3	0	1	0	0	0	2	2	0	1	0	0	0	0	0	0	0	
59_rpob	18781	14558	1	971	193	0	23	0	2	0	86	0	1	75	10	74	17	0	6	5	7	72	0	7	74	39	0	2	5	3	3	3	20	0	0	0	79	0	4	32	0	0	0	0	0	0	35	30	0	0	0	1	2	0	2	0	0	15	0	2	0	0	0	0	0	4	0	6	12	4	0	6	2	4	0	0	0	0	7	0	0	53	0	5	0	0	0	1	0	0	0	3	0	0	3	1	0	0	0	45	2	0	1	3	0	9	0	0	0	0	0	0	0	
5_rpob	3883	4083	1416	1260	94	243	106	275	557	0	159	146	60	87	57	80	25	0	214	87	21	61	304	23	93	42	65	91	34	107	71	461	48	0	0	8	278	12	26	22	0	156	11	68	10	0	23	131	93	12	2	14	2	6	84	0	0	3	5	0	530	151	10	1	0	8	3	26	13	67	9	18	4	10	152	1	30	4	17	36	45	58	95	2	8	0	4	66	41	3	3	5	93	0	165	31	1	13	22	126	42	0	21	50	26	4	1	3	18	0	0	2	0	
60_rpob	5573	7401	0	3783	4	0	1	0	0	0	1	0	0	2	0	9	1	0	1	0	1	8	0	0	162	9	0	2	2	0	1	4	10	0	0	0	0	0	0	4	0	0	0	0	0	0	8	20	0	0	0	0	0	0	0	0	0	4	0	0	0	0	0	0	0	0	0	1	0	1	0	3	0	0	0	0	0	0	1	0	0	10	0	9	0	0	0	0	0	0	0	0	0	0	0	1	0	0	1	0	0	0	1	4	0	6	0	0	0	0	0	0	0	
61_rpob	14616	9439	0	1786	8	0	1	3	3	0	2	0	1	5	1	12	0	0	1	2	2	7	0	0	78	26	1	2	0	2	0	4	12	0	0	0	1	0	0	15	0	0	0	0	0	0	12	22	0	0	0	0	0	0	1	0	0	12	0	1	0	0	0	0	0	0	1	1	1	1	0	1	0	0	0	0	0	0	0	0	1	22	0	4	0	0	0	1	0	0	0	0	1	0	0	3	1	0	0	0	2	0	0	4	0	11	0	0	0	0	0	1	0	
62_rpob	5523	9660	0	1590	167	0	1	0	0	0	0	0	0	43	1	2	1	0	1	0	1	6	1	0	65	5	0	3	9	0	0	4	10	0	0	0	0	0	0	7	0	0	0	0	0	0	9	41	0	0	1	0	0	0	0	0	0	4	0	0	0	42	0	0	0	2	0	11	0	4	0	3	2	0	0	0	0	0	0	0	0	12	0	2	0	0	0	0	0	0	0	1	0	0	2	28	1	0	1	0	0	0	2	6	0	6	0	0	0	0	0	0	0	
63_rpob	8203	2578	0	1719	6	0	0	1	0	0	3	0	0	4	1	7	1	0	0	0	1	2	0	0	209	9	0	0	0	1	0	5	3	0	0	0	0	0	0	5	0	0	0	0	0	0	3	4	0	0	0	0	0	0	0	0	0	2	0	0	0	0	1	0	0	0	0	0	1	0	0	1	0	1	0	0	0	0	0	0	0	19	0	3	0	0	0	0	0	0	0	0	0	0	2	0	0	0	0	0	0	0	0	4	0	1	0	0	0	0	0	0	0	
64_rpob	8123	4774	0	1708	1	0	0	1	0	0	4	0	1	1	0	6	1	0	0	4	2	5	0	0	214	14	2	2	0	2	1	12	6	0	0	0	0	0	0	26	0	0	0	0	0	0	13	31	0	0	0	30	0	1	6	25	0	12	0	4	0	9	20	0	0	1	0	24	3	3	0	3	0	0	0	0	0	0	0	1	0	35	0	59	0	0	0	0	0	0	0	1	0	0	0	17	0	0	0	0	1	0	0	4	0	2	0	0	0	0	31	0	0	
65_rpob	17435	6239	14	7270	75	0	26	25	18	1	72	5	14	56	20	57	9	1	35	68	23	23	0	7	420	73	11	16	19	38	34	30	23	3	0	1	0	1	11	51	0	4	1	3	0	1	22	19	8	3	0	3	1	0	32	0	0	9	3	0	0	1	0	1	0	7	4	3	8	19	0	26	6	9	11	0	5	0	6	8	4	32	0	2	1	0	0	17	12	1	0	15	2	0	5	4	10	0	2	0	7	0	22	21	5	0	0	0	1	0	1	0	6	
66_rpob	12666	5712	0	3350	6	0	1	4	2	0	4	0	0	10	1	15	2	0	3	2	2	7	0	0	297	19	0	0	6	0	2	20	12	0	0	0	0	0	0	29	0	1	0	0	0	0	23	45	1	0	0	63	0	0	2	126	0	8	0	0	0	0	25	0	0	4	0	51	0	1	0	6	0	1	0	0	0	0	0	0	0	46	0	143	1	0	0	0	0	0	0	3	0	1	0	22	0	0	0	0	0	0	0	7	0	3	0	0	0	0	97	1	0	
67_rpob	9414	4262	0	1470	4	0	1	2	3	0	4	0	0	4	3	6	2	0	2	4	4	5	0	0	108	15	1	4	1	4	3	3	12	0	0	0	0	0	0	15	0	1	0	0	0	0	8	9	1	0	0	1	0	0	5	0	0	8	0	0	0	0	1	0	0	2	0	1	0	3	0	4	0	1	0	0	1	0	1	0	0	14	0	3	0	0	0	1	0	0	0	2	1	0	0	1	0	0	0	0	0	0	0	4	0	0	0	0	0	0	0	0	0	
68_rpob	13537	3793	0	2738	7	0	4	2	5	0	12	0	1	11	4	18	1	1	5	9	4	4	0	0	243	30	1	3	1	11	9	11	7	1	0	0	0	0	1	25	1	1	0	0	0	1	6	12	1	0	0	3	0	0	2	0	0	10	0	0	0	0	1	0	0	3	0	2	2	1	0	6	1	0	1	0	0	0	2	0	1	21	0	3	0	0	0	3	0	0	0	1	2	0	2	0	3	0	0	0	1	0	3	6	1	3	0	0	0	1	0	1	0	
69_rpob	8941	13119	0	1412	5	0	3	1	5	0	4	0	1	1	2	4	4	0	3	1	4	9	0	1	58	20	2	2	0	1	2	2	33	0	0	1	0	0	0	9	1	0	0	0	0	0	25	35	0	0	0	2	0	0	3	0	0	3	1	0	0	0	1	0	0	1	0	2	0	3	0	1	0	1	1	0	0	0	1	0	0	15	0	1	0	0	0	0	0	0	0	1	0	0	0	2	0	0	4	0	2	0	1	4	1	9	0	0	0	0	0	0	0	
6_rpob	4154	1805	1	241	4450	0	140	89	188	0	84	10	20	1085	68	79	90	53	82	25	64	50	1	21	26	40	37	108	113	84	32	0	26	18	0	63	0	3	8	25	39	0	5	0	2	37	46	4	49	11	115	7	58	5	43	0	0	16	1	1	0	0	18	21	0	37	29	14	25	21	0	18	23	20	0	0	8	0	14	8	14	7	0	1	29	0	0	11	3	28	0	19	29	0	7	11	53	0	11	0	33	0	33	1	15	4	0	0	59	0	0	10	4	
70_rpob	14561	8737	0	6760	2	0	0	0	0	0	4	0	0	0	0	7	0	0	0	0	0	4	0	0	278	21	0	0	0	0	0	36	15	0	0	0	1	0	0	20	0	0	0	0	0	0	13	227	0	0	0	2	0	0	0	9	0	9	0	3	0	406	2	0	0	0	0	114	0	0	0	6	0	0	0	0	0	0	2	0	0	69	0	9	0	0	0	0	0	0	0	0	0	0	0	91	0	0	0	0	0	0	0	18	0	7	0	0	0	0	7	0	0	
71_rpob	12384	8842	0	737	2	0	0	0	0	0	2	0	0	0	0	14	0	0	0	0	0	6	0	0	38	22	0	0	0	0	0	3	12	0	0	0	0	0	0	17	0	0	0	0	0	0	5	13	0	0	0	0	0	0	0	0	0	12	0	2	0	0	0	0	0	0	0	1	0	0	0	1	0	0	0	0	0	0	0	0	0	28	0	4	0	0	0	0	0	0	0	0	0	0	0	0	0	0	0	0	0	0	0	1	0	5	0	0	0	0	0	0	0	
72_rpob	18096	11156	0	3923	70	0	1	0	0	0	129	0	0	26	0	66	0	0	0	0	0	41	0	0	201	34	0	0	4	0	0	7	16	0	0	1	160	0	4	36	0	0	0	0	0	0	15	32	0	0	0	0	0	0	3	0	0	14	0	190	0	0	0	0	0	0	0	1	0	0	0	12	0	0	0	0	0	0	18	0	0	34	0	9	0	6	0	0	0	2	0	0	0	1	1	4	0	0	0	76	0	0	0	10	0	10	0	0	0	0	0	0	0	
73_rpob	7527	5830	0	7130	0	0	0	0	0	0	4	0	0	0	0	1	0	0	0	0	0	4	1	0	154	14	1	0	0	0	0	13	9	0	0	0	0	0	0	10	0	0	0	0	0	0	5	33	0	0	0	0	0	0	1	0	0	6	0	1	0	33	0	0	0	0	0	7	0	0	0	13	0	0	0	1	0	0	0	0	0	18	0	9	0	0	0	0	0	0	0	0	0	0	0	6	0	0	0	0	0	0	0	15	0	8	0	0	0	0	0	0	0	
74_rpob	15817	7123	0	4918	4	0	1	1	0	0	7	0	0	5	0	13	0	1	0	0	0	3	0	0	284	27	0	0	2	0	0	7	15	0	0	2	0	0	0	18	0	0	0	0	0	0	16	18	0	0	0	0	0	0	0	0	0	14	0	0	0	5	0	0	0	0	0	3	0	1	0	9	0	0	0	0	0	0	2	0	1	31	0	12	0	0	0	0	0	0	0	0	0	0	0	3	0	0	0	0	0	0	0	11	0	4	0	0	0	0	0	0	0	
75_rpob	3702	4041	0	718	6	0	0	0	0	0	2	0	0	4	1	3	0	0	0	1	0	3	0	0	42	3	0	0	0	0	0	0	7	0	0	0	0	0	0	3	0	0	0	0	0	0	1	16	0	0	0	0	0	0	0	0	0	1	0	0	0	0	0	0	0	0	0	1	0	0	0	1	0	0	0	0	0	0	0	0	0	6	0	4	0	0	0	0	0	0	0	0	0	0	0	1	0	0	0	0	0	0	0	1	0	5	0	0	0	0	0	0	0	
76_rpob	3265	1136	0	266	1	0	2	1	1	0	0	0	0	1	0	3	1	0	1	0	0	1	0	0	4	7	0	0	0	0	0	0	3	0	0	0	1	0	0	3	0	0	0	0	0	0	1	7	0	0	0	4	0	0	0	10	0	4	0	0	0	4	0	0	0	0	0	1	0	0	0	1	0	0	0	0	0	0	0	0	0	7	0	2	0	0	0	0	0	0	0	0	0	0	0	0	0	0	0	0	0	0	0	0	0	1	0	0	0	0	4	0	0	
77_rpob	3191	1617	0	1103	0	0	0	0	0	0	1	0	0	0	0	1	0	0	0	0	0	0	0	0	50	2	0	0	0	0	0	0	3	0	0	0	0	0	0	8	0	0	0	0	0	0	4	1	0	0	0	0	0	0	0	0	0	2	0	0	0	0	0	0	0	0	0	0	0	0	0	0	0	0	0	0	0	0	0	0	0	9	0	4	0	0	0	0	0	0	0	0	0	0	0	0	0	0	0	0	0	0	0	2	0	1	0	0	0	0	0	0	0	
78_rpob	1932	2937	0	747	1	0	0	0	0	0	0	0	0	0	0	2	0	0	0	0	0	1	0	0	31	3	1	0	0	0	0	9	3	0	0	0	0	0	0	11	0	0	1	0	0	0	12	45	0	0	0	22	0	0	0	170	0	1	0	0	0	1	52	0	0	0	0	13	0	0	0	4	0	0	0	0	0	0	0	0	0	17	0	93	0	0	0	0	0	0	0	0	0	0	0	21	0	0	0	0	0	0	0	2	0	0	0	0	0	0	81	0	0	
79_rpob	10924	7158	0	3016	65	0	0	0	0	0	7	0	0	87	0	43	0	0	0	0	0	28	0	0	294	17	0	0	61	0	0	22	9	0	0	0	0	0	0	24	0	0	0	0	0	0	22	36	0	0	0	54	0	0	1	72	0	2	0	0	0	5	30	0	0	0	0	32	0	0	0	10	0	0	0	0	0	0	2	0	0	50	0	103	0	0	0	0	0	0	0	0	0	0	0	29	0	0	0	0	0	0	0	10	0	4	0	0	0	0	59	0	0	
7_rpob	8406	5359	792	1406	57	558	282	1	15	58	327	21	0	30	184	216	84	55	16	0	67	162	11	57	247	64	3	2	6	2	4	429	36	13	0	9	430	0	36	36	36	2328	1	25	0	23	24	198	1	0	3	0	1	1	4	0	2	15	0	336	9	358	0	7	0	13	5	69	17	8	24	44	22	40	141	0	0	0	45	0	6	64	1	3	2	0	11	1	2	4	1	30	3	0	80	52	104	1	1	249	2	0	2	669	0	7	1	4	1	1	0	5	13	
80_rpob	11918	5318	0	797	4	0	0	0	0	0	5	0	0	7	0	16	0	0	0	0	0	4	0	0	78	18	0	0	4	0	0	3	6	0	0	8	0	0	0	17	0	0	0	0	0	0	9	15	0	0	0	0	0	0	0	0	0	12	0	0	0	15	0	0	0	0	0	2	0	2	0	0	0	0	0	0	0	0	0	0	0	29	0	3	0	0	0	0	0	0	0	0	0	0	0	2	0	0	0	0	0	0	0	0	0	4	0	0	0	0	0	0	0	
81_rpob	14536	9567	0	5715	173	0	0	1	0	0	20	0	1	195	0	46	0	0	0	0	0	44	1	0	482	28	0	0	147	0	0	39	11	0	0	2	0	0	0	50	0	0	0	0	0	0	26	68	0	0	0	81	0	0	0	138	0	11	0	0	0	0	58	0	0	0	0	60	0	0	0	17	0	0	0	0	0	0	2	0	0	82	0	209	0	0	0	0	0	0	0	0	0	0	1	49	0	0	0	0	0	0	0	7	0	3	0	0	0	0	143	0	0	
82_rpob	6988	5856	0	781	1824	0	1	0	0	0	1	0	0	459	0	4	0	0	0	0	0	1	0	0	27	38	0	0	52	0	0	9	39	0	0	0	0	0	0	17	0	0	0	0	0	0	18	173	0	0	3	23	9	0	0	103	0	4	0	0	0	448	22	0	0	0	3	108	0	0	0	3	0	0	1	0	0	0	0	0	0	33	0	31	0	0	0	0	0	0	0	0	0	0	5	123	0	0	0	0	0	0	0	2	0	4	0	0	0	0	28	1	0	
83_rpob	2804	3261	1	1337	2	0	0	0	1	0	1	0	0	0	0	2	0	0	0	0	0	2	0	0	73	3	0	0	0	0	0	6	5	0	0	0	1	0	0	2	0	0	0	0	0	0	3	13	0	0	0	0	0	0	2	0	0	3	0	0	0	6	0	0	0	0	0	4	0	0	0	5	0	0	0	0	0	0	0	0	0	12	0	2	0	0	0	0	0	0	0	0	0	0	0	8	0	0	0	0	0	0	0	5	0	2	0	0	0	0	0	0	0	
84_rpob	4684	2122	0	440	1	0	0	0	0	0	1	0	0	0	0	3	0	0	0	0	0	1	0	0	15	7	0	0	0	0	0	0	4	0	0	0	0	0	0	21	0	0	0	0	0	0	9	27	0	0	0	58	0	0	0	291	0	5	0	0	0	0	46	0	0	0	0	33	0	0	0	1	0	0	0	0	0	0	0	0	0	25	0	118	0	0	0	0	0	1	0	0	0	0	0	16	0	0	0	0	0	0	0	1	0	3	0	0	0	0	83	0	0	
85_rpob	13403	10050	0	1484	0	0	0	0	0	0	3	0	0	0	0	9	0	0	0	0	0	7	0	0	81	15	0	0	0	0	0	1	20	0	0	0	0	0	0	16	1	0	0	0	0	0	7	52	0	0	0	0	0	0	0	0	0	10	0	1	0	53	0	0	0	0	0	17	0	1	0	5	0	0	0	0	0	0	0	0	0	39	0	6	0	0	0	0	0	0	0	0	0	0	0	14	0	0	0	0	0	0	0	3	0	4	0	0	0	0	0	0	0	
86_rpob	12434	8601	1	5034	0	0	0	0	0	0	6	0	0	0	0	7	0	0	0	0	0	6	0	0	304	16	0	0	0	0	0	9	5	0	0	0	0	0	0	17	0	0	0	0	0	0	18	15	0	0	0	0	0	0	1	1	0	6	0	178	0	0	0	0	0	0	0	1	0	0	0	8	0	0	0	0	0	0	1	0	0	28	0	11	0	0	0	0	0	0	0	0	0	0	0	1	0	0	0	0	0	0	0	5	0	8	0	0	0	0	0	0	0	
87_rpob	14946	13156	2	3596	223	0	0	0	0	1	17	0	0	247	0	56	0	0	0	0	0	44	1	0	295	16	0	0	139	0	0	9	12	0	0	2	0	0	0	18	0	0	0	0	0	0	15	27	0	0	1	0	0	0	0	0	0	13	0	1336	0	0	0	0	0	0	0	2	0	1	0	6	0	0	0	0	0	0	0	0	0	25	0	7	0	0	0	0	0	0	0	1	0	0	0	3	0	0	0	0	0	0	0	2	0	10	0	0	0	0	0	1	0	
88_rpob	17412	19153	2	2790	3	1	0	0	0	1	5	0	0	1	2	7	1	0	0	3	1	12	0	0	102	26	2	2	0	3	1	10	34	0	0	0	0	0	0	30	0	0	0	0	0	0	22	60	0	0	0	17	0	1	2	71	0	12	0	196	0	0	12	0	0	1	0	11	0	3	0	5	1	0	0	0	1	0	0	4	0	37	0	38	0	0	1	1	0	0	0	0	0	0	0	14	0	0	1	0	1	0	1	6	0	19	0	0	0	0	33	0	0	
89_rpob	35	10	0	4	0	0	2	0	0	0	0	0	0	0	0	0	0	0	0	0	0	0	0	0	0	0	0	0	0	0	0	0	0	0	0	0	0	0	0	0	0	0	0	0	0	0	0	0	0	0	0	0	0	0	0	0	0	0	0	0	0	0	0	0	0	0	0	0	0	0	0	0	0	0	0	0	0	0	0	0	0	0	0	0	0	0	0	0	0	0	0	0	0	0	0	0	0	0	0	0	0	0	0	0	0	0	0	0	0	0	0	0	0	
8_rpob	5909	4037	20	909	22317	0	3369	1412	113	0	700	9	226	2677	1299	406	2046	558	18	293	571	308	14	545	62	259	675	206	1281	69	234	11	240	81	0	1792	0	11	138	64	200	0	188	5	6	330	182	22	26	70	1527	28	1184	11	38	0	0	39	226	0	0	0	77	370	0	491	479	18	174	40	0	98	518	295	7	3	56	0	59	136	3	17	0	3	697	18	0	42	138	127	0	152	9	0	51	60	0	0	164	0	57	0	21	0	152	33	0	43	54	0	0	229	0	
90_rpob	4626	2139	3	2322	111	0	0	0	0	0	1	0	0	82	0	0	0	0	0	0	0	2	0	0	132	3	0	0	46	0	0	5	0	0	0	0	0	0	0	7	0	0	0	0	0	0	1	6	0	0	0	0	0	0	0	0	0	4	0	0	0	0	0	0	0	0	0	0	0	0	0	2	0	0	1	0	0	0	0	0	0	4	0	3	0	0	0	0	0	0	0	0	0	0	0	1	0	0	0	0	0	0	0	1	0	2	0	0	0	0	0	0	0	
91_rpob	0	1	19121	0	0	7773	0	0	0	3701	0	0	0	0	0	0	0	0	0	0	0	0	396	0	0	0	0	0	59	0	0	0	0	0	281	0	0	0	0	0	0	0	0	586	0	0	0	0	0	0	0	0	0	0	0	0	449	0	0	0	64	0	0	0	258	0	0	0	0	0	246	0	0	0	0	0	0	0	0	0	0	0	171	0	0	0	245	0	0	0	268	0	0	0	2	0	0	80	0	0	0	129	0	0	0	0	134	0	0	0	0	0	374	
92_rpob	1	0	10226	0	0	5979	0	0	0	2151	0	0	0	0	0	0	0	0	0	0	0	0	190	0	0	0	0	0	6	0	0	0	0	0	361	0	0	0	0	0	0	0	0	343	0	0	0	0	0	0	0	0	0	0	0	0	285	0	0	0	14	0	0	0	0	0	0	0	0	0	179	0	0	0	0	0	0	0	0	0	0	0	49	0	0	0	196	0	0	0	261	0	0	0	1	0	0	26	0	0	0	227	0	0	0	0	49	0	0	0	0	0	16	
93_rpob	3	2	4527	2	0	2202	1	0	0	827	0	0	0	0	0	0	0	0	0	0	0	0	25	0	0	0	0	0	10	0	0	0	0	0	2	0	0	0	0	0	0	0	0	104	0	0	0	0	0	0	0	0	0	0	0	0	54	0	0	0	5	0	0	0	254	0	0	0	0	0	42	0	0	0	0	0	0	0	0	0	0	0	9	0	0	0	76	0	0	0	36	0	0	0	0	0	0	2	0	0	0	0	0	0	0	0	22	0	0	0	0	0	0	
94_rpob	1	1	1763	1	0	404	0	0	0	195	0	0	0	0	0	0	0	0	0	0	0	0	61	0	0	0	0	0	2	0	0	0	0	0	90	0	0	0	0	0	0	0	0	50	0	0	0	0	0	0	0	0	0	0	0	0	14	0	0	0	31	0	0	0	1	0	0	0	0	0	16	0	0	0	0	0	0	0	0	0	0	0	39	0	0	0	11	0	0	0	19	0	0	0	0	0	0	12	0	0	0	34	0	0	0	0	0	0	0	0	0	0	28	
95_rpob	1	0	4023	0	0	721	0	0	0	257	0	0	0	0	0	0	0	0	0	0	0	0	4	0	0	0	0	0	2	0	0	1	0	0	26	0	0	0	0	0	0	0	0	131	0	0	0	0	0	0	0	0	0	0	0	0	25	0	0	0	4	0	0	0	0	0	0	0	0	0	27	0	0	0	0	0	0	0	0	0	0	0	0	0	0	0	21	0	0	0	5	0	0	0	0	0	0	1	0	0	0	10	0	0	0	0	1	0	0	0	0	0	304	
96_rpob	14	2	971	4	0	220	0	0	0	118	0	0	0	0	0	0	0	1	0	0	0	0	28	0	1	0	0	0	0	0	0	7	0	0	14	0	0	0	0	0	1	0	0	2	0	0	0	0	0	0	0	0	0	0	0	0	10	0	0	0	16	0	0	0	0	0	0	0	0	0	2	1	0	0	2	0	0	0	0	0	0	0	15	0	0	0	10	0	0	0	1	0	0	0	0	0	0	3	0	0	0	0	0	0	0	0	2	0	0	0	0	0	0	
97_rpob	1	1	686	0	0	126	0	0	0	142	0	0	0	0	0	0	0	0	0	0	0	0	36	0	0	0	0	0	0	0	0	0	0	0	19	0	0	0	0	0	0	0	0	7	0	0	0	0	0	0	0	0	0	0	0	0	8	0	0	0	13	0	0	0	14	0	0	0	0	0	1	0	0	0	0	0	0	0	0	0	0	0	26	0	0	0	4	0	0	0	8	0	0	0	0	0	0	8	0	0	0	7	0	0	0	0	0	0	0	0	0	0	0	
98_rpob	1	0	709	0	0	104	0	0	0	179	0	0	0	0	0	0	0	0	0	0	0	0	12	0	0	0	0	0	0	0	0	0	0	0	0	0	0	0	0	0	0	0	0	3	0	0	0	0	0	0	0	0	0	0	0	0	19	0	0	0	8	0	0	0	4	0	0	0	0	0	0	0	0	0	0	0	0	0	0	0	0	0	13	0	0	0	3	0	0	0	1	0	0	0	0	0	0	0	0	0	0	2	0	0	0	0	0	0	0	0	0	0	1	
99_rpob	1	0	405	0	0	259	0	0	0	85	0	0	0	0	0	0	0	0	0	0	0	0	0	0	0	0	0	0	1	0	0	0	0	0	3	0	0	0	0	0	0	0	0	3	0	0	0	0	0	0	0	0	0	0	0	0	1	0	0	0	0	0	0	0	5	0	0	0	0	0	0	0	0	0	0	0	0	0	0	0	0	0	0	0	0	0	8	0	0	0	0	0	0	0	0	0	0	0	0	0	0	0	0	0	0	0	0	0	0	0	0	0	0	
9_rpob	16012	19549	2	5301	21705	0	620	3760	44	0	681	22	847	4051	342	287	561	273	25	1802	223	364	2	154	182	613	1725	531	1561	250	805	12	844	80	0	431	107	20	118	175	119	0	105	4	4	210	418	37	14	29	373	100	874	0	141	0	0	58	106	1	0	0	168	119	0	219	350	59	98	204	0	153	186	125	4	6	386	5	55	445	6	25	0	6	1212	0	0	116	318	141	0	78	11	0	45	114	287	0	627	65	194	0	78	11	388	73	0	38	17	3	0	129	26	
total	948441	661264	231565	202915	201044	143963	116278	98214	96511	85228	47728	38661	33924	31555	27843	27721	22645	20797	19411	18850	18582	17014	17002	15945	15787	15504	15181	14287	14089	13742	12632	12173	11079	10957	10862	10663	10519	9935	9809	9579	9575	9304	9260	9231	8959	8735	8693	8448	8427	8329	8184	8145	7645	7546	7436	7417	7132	7109	7055	7013	6501	6419	6414	6298	6216	5982	5932	5921	5859	5857	5856	5791	5674	5638	5630	5571	5469	5425	5391	5376	5355	5162	5142	5034	5033	5002	4990	4925	4881	4856	4625	4595	4561	4558	4386	4319	4291	4283	4230	4222	4191	4107	4080	4064	4037	3975	3969	3960	3949	3914	3902	3828	3813